"cat","spp","sex","cranht","cranwd","cranlg","faceht","facewd","aptrht","aptrwd","rorbht","rorbwd","paltlg","paltwd"
"Cmsf007k","Cm","f",5.09177907883043,4.50915919155843,6.9844703884102,3.22160563030047,5.11178020880108,1.55615488696525,0.800577726979843,1.83793714769919,1.91818588015782,3.26486742160112,2.15158487939201
"Cmsf008k","Cm","f",4.88960436982169,4.64207110807032,7.25338103589533,3.68260935008708,5.28122471177277,1.83057477128246,0.938240185263488,2.03516777626995,2.33531923672899,3.08409372895973,2.0380209488486
"Cmsf009k","Cm","f",5.01766644675436,5.26790091994506,8.03131413853279,4.28939645350679,5.57747693848826,1.9732202920705,0.853055189282702,2.33150637997672,2.3860180887926,3.5394129109265,2.37461169785595
"Cmsf010k","Cm","f",5.34618042368927,5.42439381666016,7.66112826036347,3.91919602655689,5.67755321348312,1.87691806771085,1.07535400099795,2.23102585382023,2.23720893660185,3.44101993204706,2.66326802294658
"Cmsm001k","Cm","m",5.199679085652,5.91891504218932,8.21118976859773,4.51609088352294,6.13260709316823,2.17592382651329,1.16477028427128,2.08944073821655,2.25171538262735,4.18244136852417,2.66009776612979
"Cmsm002k","Cm","m",5.21146870304236,5.80130669703704,8.05064629506302,5.13787945756185,6.46218003472253,2.41131277909989,1.33528132778361,2.08549678379132,2.38458997412752,3.81543611037195,2.51023621369797
"Cmsm003k","Cm","m",5.62399734599705,5.40531703714352,7.88217531132118,4.83981461541775,5.99308813446977,1.99391334720669,0.892947093160557,2.29240560377689,2.35888384441198,3.86435650421984,2.85625976620763
"Cmsm004k","Cm","m",5.26046923903287,5.55628160137282,8.41414074332785,4.91085852510754,6.30684934857257,2.29277326664646,1.20231235763871,2.1158579916284,2.25084387283644,4.65480051578312,3.14259933391256
"Cmsm005k","Cm","m",5.09478100927642,5.46136218237637,7.77594808198321,4.42076284876804,5.78882966504161,2.08727319528766,0.999338548172586,2.14788654592764,2.28948283627965,3.90882350602393,2.5879875876364
"Gbbf005k","Gb","f",8.83630087023985,12.1196942161031,14.8160528357296,11.0642039525692,12.6249672946852,2.05341171831605,2.81317081502003,3.93764629151415,3.93881590939756,10.6702425585168,5.69910937724095
"Gbbf015k","Gb","f",8.63053658232642,12.137201317775,16.2842880476058,10.2902100683601,13.3082108715323,2.40831959615043,3.58267199629578,4.01974442263539,3.99031288374432,11.5484412755236,5.13454842908088
"Gbbf016k","Gb","f",8.79866254729697,12.5618434365328,16.5535741632942,11.2189678269497,13.0611085870249,2.39287801932464,3.28407141157779,4.12731905620007,3.8777634418159,10.2366875966455,5.71010358279626
"Gbbf024k","Gb","f",9.76878847617206,11.669335059121,16.1417553644736,10.2021976289344,12.227450970923,2.52300567582,3.21786520426612,3.73775559965127,4.0988981433755,9.15466519543326,5.26828267056858
"Gbbf027k","Gb","f",9.90575442284631,12.0739682377595,16.4179296196662,11.5095343920194,13.44282623934,3.29221948187854,3.89318657372383,4.45678186327675,3.71073587323796,9.61511333517757,5.05915539682498
"Gbbf029k","Gb","f",8.67091966773562,11.6286183472497,15.6941807077011,10.4811003096806,11.9361694915651,2.89180941028576,3.21741225051766,4.01584766590788,3.90553149159326,10.2528806593449,5.14120372860489
"Gbbm001k","Gb","m",10.7816007490922,13.4497937722407,18.229992942927,13.0340768498111,14.7744410666607,2.93819383821772,3.73262080449918,4.37271332460692,4.09420125778548,12.9911377448834,6.83764176653646
"Gbbm009k","Gb","m",11.0201070582947,13.304842324284,17.0360108036061,13.2812461787043,14.7684586225049,3.16724238800727,3.68706808503,4.12251185954548,4.19214348713481,12.1576950022,6.72993695441547
"Gbbm010k","Gb","m",10.6949899435512,13.658059158375,19.4862659748315,12.6926354291355,15.284146341733,3.03983036005971,3.88891633877512,3.78166493980564,4.0664291036125,13.6342316409946,6.07333257966947
"Gbbm012k","Gb","m",11.6920593938591,14.6948785733778,20.2411909856534,12.0604599013994,16.1212841580516,3.19879114854779,3.50295838605373,3.89826982934787,4.10299612336027,12.932986000431,6.36916641237971
"Gbbm014k","Gb","m",10.8433768771655,14.3899106577293,19.2291187183084,12.6715421799697,14.1397631132877,2.95104483653143,3.6266348104695,4.07245753906146,4.35921435735212,13.407952937138,5.55283437666846
"Gbbm017k","Gb","m",14.8215278651006,15.2178098264706,20.8584768460039,14.0638077105892,16.6983670205133,3.46279972738662,3.47653700021041,4.07740405694692,4.6038384359592,13.9674412140963,6.14410615483851
"Gbbm018k","Gb","m",11.4937309103825,12.0135471901974,19.987745280535,13.954380310894,15.3099997770455,3.73519381692258,4.46143055938428,4.47930043140617,4.61673145231422,11.4262459187929,6.52454784465535
"Gbbm023k","Gb","m",12.7191185006546,14.8202374059308,20.0433354034787,11.5523517618551,15.457696793229,3.3899475399774,3.47817575125141,4.35856470413715,4.37613517649269,12.6263163633722,7.06813336017843
"Gbbm026k","Gb","m",12.8370415950024,12.9368689141493,21.4649690350127,13.2897598012024,14.9562950235062,3.58991033364974,3.81207039475234,3.88405164804002,4.71563166163728,13.9616985061168,6.73572844650284
"Gggf015k","Gg","f",9.46504913912285,11.9502264446316,14.4146967425204,10.2306010389799,12.2462478525855,2.69135605395892,3.15287993541555,3.94043556865235,4.14649968042572,9.05358347602349,5.50192878518738
"Gggf025k","Gg","f",10.3487968987776,12.2300202361681,16.5046322694787,11.2035995801479,13.4510141196268,3.19436379354205,3.46253119837478,4.06008742678404,4.18963937350602,8.17940072752005,6.21350088235686
"Gggf028k","Gg","f",9.41152610977604,10.656102308058,15.3991644151735,10.7072719725878,12.2718397948502,3.18089431000396,3.42199741144395,3.8693436860187,3.95340765833973,9.47130827756768,4.42634730038885
"Gggf038k","Gg","f",9.79784180046467,11.4331059873903,17.2518966033138,11.4470824592368,12.5071474250694,2.83636689135687,3.02311482098064,3.83858902361813,3.71249970218376,8.08566490639415,5.2737186259623
"Gggf040k","Gg","f",9.88710429823409,12.0265330644132,15.0153624754083,10.675604088979,12.7167544884912,2.71801951407617,2.94460890813575,3.90195431406644,4.46877169333453,7.52963102198048,5.22168675541948
"Gggf047k","Gg","f",9.70206787609288,10.2472882472989,14.3944657504104,10.4851773842014,11.2514329210085,3.11362430613414,3.48985827257832,4.21528617720415,3.92061635020602,8.21417985910477,5.53151267068428
"Gggf069k","Gg","f",9.95439865754249,10.4265955866564,16.5840424343882,10.6336591526847,13.1931844787934,2.72484558980451,2.89129990647877,3.85351685308749,3.58981338524623,9.72976032801724,5.3148741597168
"Gggf070k","Gg","f",10.3975193387402,10.8681165548833,16.8599474486847,11.8417556870305,12.4077860068218,2.93716223370165,3.01953099708912,4.15061329402992,4.24446522472433,8.68437275701777,5.35889762885387
"Gggf086k","Gg","f",9.81939907839405,11.3397026960429,15.8365334236717,11.2773799749501,11.38668724074,3.1076492770473,2.9985311295157,4.50442808995932,3.86687251168386,9.16334062483523,6.24955488037762
"Gggf087k","Gg","f",10.1103786419811,10.8038693844823,15.8038931596903,10.2592697353609,12.7293470556252,3.00995702689121,3.08844614251487,3.96563305511073,4.05504894028632,9.29560484457257,4.89129478221909
"Gggf089k","Gg","f",9.88008738513253,11.6359853215463,15.0241257722882,9.69991507877033,11.6917529868664,3.57628362007029,2.67634814343649,3.51418850317847,3.61717980334955,8.15201223153602,5.12690541806989
"Gggf098k","Gg","f",10.4477135676592,11.3983063995637,15.1769214433627,11.8374643988204,11.9355348956838,3.50187550914794,3.28828562013862,3.67722995645239,3.83940481728877,9.24543969385102,5.71739085811302
"Gggf099k","Gg","f",8.71600969721616,11.6068377009544,13.8854597616236,11.2804487391725,12.1294344796387,3.7923520524799,3.16234348650378,4.2240436964611,4.28211393346954,9.11958866800643,4.80477004246435
"Gggf101k","Gg","f",8.98779755418205,10.9993862182867,15.5669378333139,10.5965477494611,11.5042800915391,3.1846716962319,3.11521347515737,4.03710148471912,3.93240552209997,8.42426112308405,5.72944797203321
"Gggf102k","Gg","f",10.2171873976606,11.6011715824618,15.4584733096401,11.5282678993669,13.4415635826978,3.27212530490612,3.35853474882829,3.91702874765177,4.30465936110403,8.61164025004029,5.03843168541316
"Gggf103k","Gg","f",10.3488475141339,11.5068514304319,16.6625824772501,13.210540579365,12.8708497951069,3.77936626751191,2.58709659503477,3.94945691778835,4.15227903665893,9.12604072131554,5.57318021642379
"Gggf104k","Gg","f",10.2170445717544,12.8953259513477,16.6109802096294,11.0276039641812,13.8692637182497,3.73980157705658,3.41262990516476,4.28445873433588,4.14053020437964,10.1028455040617,5.87601612006315
"Gggf107k","Gg","f",10.1788379066437,10.4135436231539,15.8759291764568,10.1719501277552,11.9708476617821,3.20920690554191,3.06672129969298,3.96578039993334,4.12014793369502,9.11422188960622,5.57992727249288
"Gggf109k","Gg","f",9.8757236090597,11.4350452834634,15.9726870692715,10.6888737234348,12.2631306232499,3.43445714162546,3.09679975403552,4.07654271130236,3.81331213647587,9.53956491524042,6.15427366108205
"Gggf113k","Gg","f",11.0563841097658,11.9697829107243,15.8417378564743,9.9734374011657,13.2086661589576,2.71873757083616,3.53854182157721,3.8189975951729,3.90450501294697,9.69517935236728,6.2950743102811
"Gggf114k","Gg","f",8.93130114720039,11.3869398311948,15.6541946479648,12.039622056567,12.5805090506256,3.94431686719372,3.07806686595366,4.5366520120046,3.89123778414821,8.64902106732772,5.29823630715282
"Gggf128k","Gg","f",10.9638583228802,11.9164435966071,17.0947351120407,10.3542346077019,13.5809118246386,3.28178447989828,2.85782615748046,4.00017278182958,4.12895736777205,8.32406447558485,5.13741001752086
"Gggf129k","Gg","f",9.79670648853783,11.4882201565551,14.8688993523855,10.1137608964953,12.1543948810813,3.2107064618141,3.21424481785234,3.93217967583153,3.74479218302712,8.55845694729847,5.84145140088765
"Gggf130k","Gg","f",10.3435708576989,12.0568412594555,15.8533602191235,10.3792524042093,14.2327789086402,3.46587383374202,3.22242448974039,3.66363174859126,3.69268641095891,9.3927589616038,5.31787405788819
"Gggf131k","Gg","f",9.64690085992999,12.1999883245132,15.5797660486291,11.4895014024134,13.6247060793423,3.2214438144599,3.54233480192569,4.37100900700168,3.80731396809018,8.56762343849184,5.54079935945059
"Gggf132k","Gg","f",9.99534820075658,11.3895359351266,16.349944639034,10.7039102540047,12.3781589699132,4.02484159248323,3.66349412961589,3.60444164117981,3.91283743049183,8.68698598791271,5.61332972589154
"Gggf133k","Gg","f",9.02514751389099,11.5701651806801,15.8476836472968,11.3616544090525,13.465839095818,3.90275166781292,3.07736963763052,3.66772961990522,4.11001801554685,9.40758551664787,5.68419446217093
"Gggf134k","Gg","f",9.88058056693518,10.5409425332901,15.1148913103188,9.9370048452291,12.6738288191281,3.84528038046096,2.73270172315401,3.72678158664895,3.80260981702383,8.00537024249351,4.95741357733554
"Gggm001k","Gg","m",11.6794750803219,13.9449931616102,18.3484113853241,14.4316469697835,14.9677345019738,3.32450292468188,3.36919418210646,4.47110179765136,4.23948502364191,10.7214757569508,7.16760352825707
"Gggm002k","Gg","m",11.3559206786526,14.892214535323,20.0847068633576,13.8430685963571,14.6259499933181,4.08236831222995,3.69336027650121,3.96114937892838,3.99315774052512,11.2142357860564,6.41260351775393
"Gggm003k","Gg","m",10.4421735318853,13.3819597085513,19.4953943155583,15.7738787981248,16.3362167887034,3.05541317912987,3.59283242187253,4.81134634000322,4.36089063511719,10.2977402270176,5.86235509817156
"Gggm004k","Gg","m",11.7929051882466,12.7823275426928,18.8093799942059,14.8562993310975,15.221379460745,4.0636174720829,3.59926704857921,4.73075224736122,4.47630884916472,11.2675065896474,6.04877954050356
"Gggm005k","Gg","m",11.4223467413269,13.9326156239352,19.1000530003915,12.4998571533337,15.8440083139849,3.44673506184635,3.72735291408855,3.91793946806479,4.2567486555519,11.3223381648968,5.88215933516842
"Gggm007k","Gg","m",10.6390710951252,13.0643523991791,16.8815789098352,13.2418491163396,14.0179860161888,3.57955002077532,3.20660556121867,3.63356175508212,4.23542288754346,9.69162709849267,5.34427070996817
"Gggm008k","Gg","m",11.8758435443161,13.6161665090614,19.7670915100634,13.7096648120167,16.4954448097534,3.59733828503677,3.3543082883736,4.36125294470885,4.48791038548973,9.94926125179664,6.20556528307717
"Gggm013k","Gg","m",13.5450554909451,14.7684672752338,21.1681185005091,12.6870615657476,14.2581267289126,3.47423966902295,4.22759952531929,3.61934811982739,4.61011445084479,12.1382848559845,6.57075435332925
"Gggm017k","Gg","m",12.1026446339091,12.2179991671633,17.486697820366,13.5978178454632,14.4831354384777,3.60701343788814,3.24853261084925,4.43851759500096,4.10515704151236,11.6914348227934,5.51840959246415
"Gggm019k","Gg","m",11.5703503655747,13.062240184252,18.4329970068762,10.8368703249871,15.3296817651659,3.67391385059483,3.48401179866508,3.81349516110997,4.6871756718302,9.67154011648666,5.38677869770714
"Gggm020k","Gg","m",11.0828658128802,13.346554319712,17.8257295216433,11.6944897727666,14.7705057224086,3.4747749277391,3.59210393966498,4.47605892346108,4.27612842098117,10.3005830611444,5.50997984778895
"Gggm021k","Gg","m",12.9383344506853,14.1735369517862,19.1742612928243,14.5182024805497,15.1525115550411,3.40323763468918,4.29303455637831,4.61920054155078,4.525121467268,12.3729032471591,6.43012649536384
"Gggm022k","Gg","m",11.6231076852641,13.8189663561718,18.4164290805414,11.6047972874981,15.1020874271498,4.31155610895529,3.46989039945784,3.96837953838825,4.37706313454218,9.48649590572841,6.54618411748704
"Gggm023k","Gg","m",11.168454418487,14.1473938062439,18.3293067069342,12.3951944488471,15.0548890799435,4.56368507169593,3.4673394559826,4.49288704563087,4.40336415698627,10.5951661773394,5.92001997714261
"Gggm027k","Gg","m",11.4308521002715,13.8394884982639,17.9673917135127,11.5785018848347,15.4817880275397,4.07469011463837,3.24907338791628,4.13627504074822,4.16459344769584,10.8873743617465,5.79682377264782
"Gggm029k","Gg","m",12.3187804992033,14.8955630692339,18.3981317285834,14.2374126680913,16.0169706693772,3.71925633480378,4.12523820336904,4.82425568682175,4.58541208410709,10.7648193738725,5.9212275824682
"Gggm030k","Gg","m",12.3844742923664,14.3478656689236,19.2487363805471,13.3668210684209,15.2292603107234,4.09698708944839,3.60419560943495,3.85850168300973,4.48257277437239,11.3455845349285,6.60173114656721
"Gggm031k","Gg","m",12.7526103151419,13.89996792425,21.8850524763065,11.9142283771696,16.0822392637179,3.4942291549413,3.21395835264272,4.06800560209765,4.8476073229565,10.553770350767,6.33306876146764
"Gggm032k","Gg","m",10.8530554911252,13.5626005905985,18.8454911692173,13.0098665500432,15.5405033191721,3.61566093622289,4.05971623154359,4.62636720567509,4.60356721656309,9.57609661349628,6.20356462548547
"Gggm034k","Gg","m",10.7313533997912,13.6422000710668,18.0363643164553,12.5762825504631,13.9971643661705,3.85202183961707,3.37070942734696,3.96976631041141,4.44368821915791,10.5895059914599,5.64662927724915
"Gggm039k","Gg","m",12.9873790437352,13.8917126089885,18.2707232173749,13.8928080145641,16.7778497944335,4.26783548345016,3.47833777508232,4.21453747679952,4.45561804203081,11.5819828313562,6.43617831764467
"Gggm043k","Gg","m",11.2703923545153,13.3512234476452,17.2828695500169,14.5743705199329,16.179530201191,3.54595561123664,3.20094654469343,4.04973393570189,3.94191747336406,12.0969142823595,5.9481627763774
"Gggm044k","Gg","m",10.5178037236678,14.8223387233612,19.6129421488804,12.4486876073402,14.7773143908127,3.1631400765823,3.48365842131873,4.22264403426937,4.44467367848986,9.93224370143812,6.14059273299762
"Gggm045k","Gg","m",10.4878633734973,13.1753354578041,17.0729414945428,13.4238683293244,15.1792832276536,3.89165404051223,3.39750521891638,4.2322482295791,4.37325823004639,11.2571513811782,5.96128954060814
"Gggm053k","Gg","m",12.9589614129701,13.3559582937317,20.6500880442837,14.4892452802614,16.4511250856321,3.96016415318899,3.96925805979369,4.65870367862675,4.4478899179094,12.0432684364018,6.94655109772451
"Gggm058k","Gg","m",12.7142718609973,11.6483382252182,18.6799753258111,12.2893585335292,15.7989928459003,3.65121066505764,4.49427981007346,4.26253178982468,4.79249734271583,10.3205005781505,5.99994825121708
"Gggm059k","Gg","m",10.7047264081077,13.2033366705761,17.9640260052005,14.2357803591831,15.6986127543918,3.86283339325843,3.43440732026111,4.79516036754939,4.55076652688159,10.7495529064031,6.89890795019577
"Gggm060k","Gg","m",11.2591132690163,13.1261342051337,20.8440665298511,11.2024881021583,14.8326306287813,3.6750924681865,3.62171103297654,3.86719075909832,4.24021894823152,10.9393282877098,6.27162060654686
"Gggm071k","Gg","m",10.1657374930894,13.3592952336766,19.4792349507395,13.4680576557952,14.5220600794235,3.11148279740929,3.28630058112101,4.80110571355022,4.39470203379277,10.4225336795927,6.41711019964544
"Gggm072k","Gg","m",11.1756441413976,13.8375161215479,16.9584876717286,12.6725890827257,16.1051648438709,3.89919701620297,3.87296219069669,4.17785956171098,4.63193551395621,10.2686071144173,6.47093066276958
"Gggm074k","Gg","m",10.7261581778454,12.58696055538,17.8203555408892,12.2380338418226,15.7157185704247,3.42827140420425,3.27031296877022,4.5393318466524,4.49108196437347,9.58954444971468,5.26903201782424
"Gggm075k","Gg","m",11.4305046284953,12.3208446614758,19.5081399956296,11.8280620357337,15.0982259250573,3.55806152501162,4.02830467888755,4.49868303225155,4.31692124828855,9.8379395707154,5.67792371055545
"Gggm076k","Gg","m",12.2485131128125,13.5080975444588,18.2485584959048,13.2570209526274,16.7960373136924,3.89077408370633,3.17204737456659,4.68508361059922,4.25235328884021,10.7886741206809,6.83779759683616
"Gggm077k","Gg","m",11.0415369863151,11.8651733894429,19.347048497802,12.811236978099,14.2313592089428,3.29845715182613,3.36198006750004,4.61158933638854,4.34882648680488,9.75701089714729,5.81282792553884
"Gggm078k","Gg","m",12.0926391255202,12.3150659592332,20.3887629286266,14.6990682351578,16.0883534931277,4.24928001960311,3.64262198001316,5.11031321468148,4.53092589016504,9.59913052790807,6.18404086939558
"Gggm079k","Gg","m",9.98361017276881,12.8616984078002,17.6807189894971,12.7402790414749,15.1821262086476,3.91878913654121,3.38568108819879,4.2856351100597,4.45082614079065,10.2597616142803,5.40551887706398
"Gggm080k","Gg","m",10.1669238157387,12.3784328910418,19.4631874712748,12.3380667429519,15.9094059057644,3.93123368630942,3.50193100357405,4.43044617012139,4.0325569889105,8.8381978956053,6.07466583696162
"Gggm093k","Gg","m",9.80195930519472,11.6758085873629,15.9179154196031,9.99217504704292,13.2915598049757,3.51805110082402,2.64595134778899,3.96638291530448,4.08298419961242,9.52909242454579,4.97001796092132
"Gggm108k","Gg","m",10.8671561462541,13.0271012264889,18.322234776345,12.2326643992754,14.0175102427556,4.32559679818774,2.8200224303177,3.58750563488147,3.78848577639298,10.2857517807989,6.35237457035401
"Gggm118k","Gg","m",8.6757552644916,10.9133590650855,15.3427840199852,11.8899282823089,12.2718687805792,3.21145243446573,2.91743770918525,4.37770304945325,4.02780895061334,8.97328808982377,5.7304339044435
"Gggm119k","Gg","m",10.537441090148,12.0467659465159,15.8422898204948,10.0533706735974,12.5085736920983,3.1317986984367,2.87809244022433,4.17608008540224,4.18441005381897,9.41531102064898,5.71299171901581
"Gggm120k","Gg","m",10.5046151540786,11.6060557760102,15.9749441194792,11.7368711674696,13.1122512417275,3.59194386339246,2.66278876789236,4.23131267512043,4.35033707847417,8.77005906649247,6.02561289105468
"Gggm121k","Gg","m",10.6778735298073,11.498701743398,15.4352990850864,10.1273489754201,13.221848494743,3.63168398296962,3.21388306759315,4.01752557115484,3.88588734657593,8.98741631293215,5.86285808921665
"Haaf003k","Ha","f",5.20151232556753,5.46953599639956,8.15607992557848,3.01536451804747,5.37041003231085,1.5141583168191,1.16819654290131,2.13601869989289,2.17304272499921,3.73577352277475,2.83985192841981
"Haaf005k","Ha","f",4.95007449201141,5.75042578526318,8.04229424246767,3.24420579602471,5.32396734556495,1.54643802191441,1.17025086239593,2.19596158385667,2.09283346080328,3.43887939123392,2.73784055493527
"Haaf013k","Ha","f",4.55245442969347,5.81512522717067,8.03986476101005,3.06774060219476,5.87168533553312,1.83869483621935,1.26363798825718,2.13702345223883,2.05410651659471,3.42571172441015,3.00504090152032
"Haaf019k","Ha","f",4.88304486208998,6.11959612873604,7.92415173388182,2.96529033723835,5.69560708701563,1.79524936496243,1.43118968671336,2.29478019009574,2.09624788283122,3.48504005372257,2.545786197181
"Haaf023k","Ha","f",5.41067211367633,5.39753742638515,7.79197922978457,3.04931125336189,5.70278854679902,1.64418133151862,1.4022952454064,2.3010553726393,2.4124899417468,4.02597534687243,2.54775529280282
"Haaf024k","Ha","f",5.07430513080855,5.39448997684851,8.58611876964703,2.91742882104466,5.44428745220853,1.6380471339908,1.41901433455571,2.39783941468216,2.49936884035291,3.94908638292963,2.77948157916088
"Haaf029k","Ha","f",4.66295792724041,5.87400088922689,8.1358697083377,3.26250952816423,5.45723193607118,1.63040518704596,1.30028049199267,2.4686730332632,2.19095363258517,3.45343136090146,2.47574016175996
"Haaf033k","Ha","f",5.15949187083288,6.07382308958987,7.91938199303241,2.61406272951,5.29516622491802,1.62951981419725,1.52666165844021,2.51506539812452,2.52286291689598,3.52425431143913,3.07274878155198
"Haaf034k","Ha","f",4.89880662194056,5.07811221999622,7.8050257932407,2.82035700872243,5.34573847146152,1.44702627196557,1.18422671766375,2.38620929274719,2.5221433876568,3.44917049184823,2.62086725547423
"Haam006k","Ha","m",5.31046990596089,6.07544349144784,8.03104958022655,2.97072513385542,5.24150107132539,1.80179417939258,1.41857262845338,2.32757201677495,2.52144818837746,3.77928791478484,2.83374344445737
"Haam007k","Ha","m",4.73306780336861,5.93578513146239,8.09607005609565,3.45174827988146,5.42837229277464,2.15320765146961,1.50696523094519,2.31582777038707,2.26183352928192,3.72877115710647,3.14435187941975
"Haam009k","Ha","m",4.71369533646053,5.75918645409836,7.52566837948144,2.99104363664573,5.14649959588157,1.68615054747254,1.34207680609386,2.23507750659619,2.39832019962766,3.43199902097321,2.62873122871222
"Haam010k","Ha","m",5.27517574146781,5.59710952625064,8.02040907682967,2.7842563369729,5.50136363498934,1.87585646190056,1.32683566990195,2.50267507948179,2.40902212745197,3.31204605092217,2.64369660399065
"Haam012k","Ha","m",4.92788093105074,6.19470459390182,8.2462526046796,2.88371188895981,5.9801514964857,1.75619608452987,1.23786847054178,2.51061838094249,2.46916090037534,3.7889902214874,2.99027183456059
"Haam014k","Ha","m",4.89658517705675,5.42234752833061,7.65128500108797,2.95757822182857,5.14970517754691,1.64154456748917,1.62262592340104,2.25442630965949,2.30331134823321,3.66495473131814,2.39847857683792
"Haam020k","Ha","m",4.81246891584036,5.48807504599429,8.11949667948761,3.46454931097754,5.45294430620974,1.85632153526436,1.32581196689348,2.41742134441901,2.34297492089449,3.6304187913723,2.83871295270296
"Haam021k","Ha","m",5.36501765430092,5.45401622875572,8.37358974847649,3.02242273926483,5.46497761601207,1.77713050303442,1.52632567688171,2.26240279538756,2.4520273225576,3.64534504712789,2.6816856450419
"Haam025k","Ha","m",5.2069938490594,5.4815492351437,8.40880191442589,3.30688040168559,5.49139080841119,1.73770885139645,1.47290472293226,2.44234886984691,2.07791108028403,3.84909634012442,2.98724671415308
"Haam026k","Ha","m",5.17034894613767,5.88346781128915,8.38126132190625,3.45541477806319,6.13515739498369,1.58964752703091,1.53809076203751,2.28197455555188,2.54232927228833,3.82982847688745,3.15150313854322
"Haam027k","Ha","m",5.16690730677636,5.62992553125439,7.38621007762591,2.95995847429254,5.31078309791285,1.64559535958646,1.31269571340521,2.2212363433173,2.28511710411412,3.56496278118462,2.37645387217744
"Haam028k","Ha","m",4.94555353091352,5.48057020154055,8.35063304576526,2.81427372257444,5.44724300325782,1.56096580076438,1.32696991364527,2.42154857421549,2.58464725602968,4.02798597983491,2.50153874817086
"Haam030k","Ha","m",4.7764397894993,5.95205482430399,8.5895899293872,3.19357821599577,5.69426645015742,1.74331161098002,1.3487108132845,2.21315971478386,2.38283241787033,3.87190538087601,2.68435163269589
"Haam031k","Ha","m",4.79449543842565,5.32156904226016,8.49970478855048,2.56294622753526,5.3379491295149,1.73696329657847,1.44243411985792,2.49064669555143,2.39627793508911,3.74480158740623,2.87442880993856
"Haam032k","Ha","m",4.94827957461924,6.03146545501022,7.60346067692967,3.50754373758051,5.76458908127254,2.00729947572122,1.44134531440444,2.21797050759937,2.49946285005937,3.99369922938863,2.55247388521001
"Haam035k","Ha","m",5.32916250182802,5.54605918965497,7.75938375031069,3.04595253525432,5.92191338965434,1.93004361306954,1.32016624247422,2.36890890747119,2.40658507924979,3.8128766667159,2.58919923882644
"Half001k","Ha","f",5.15780275075354,5.7440922817289,7.71746966125773,2.63865611610806,5.4503475732381,1.87139023881742,1.39543196526741,1.95037599206192,2.14408145995786,3.61948416520731,2.71649961036023
"Half008k","Ha","f",4.95187026075036,5.46222745479937,8.18564937436664,3.12397015091188,5.84649287658635,1.69346430595977,1.40251927139563,2.39785315859349,2.43294269449596,4.18487098609782,2.95503580932034
"Half009k","Ha","f",5.02755736628257,5.13497544290302,7.6401299057329,2.86994046284321,5.22104014826509,1.68900856969199,1.09971619964289,2.33779451572789,2.20092003672244,3.63115567785596,2.68930630450405
"Half011k","Ha","f",5.16996887964413,5.75127391655033,7.97828659377517,2.96082919123722,5.44571857428013,1.6357237073532,1.42289038044237,2.18840794153398,2.22809884720389,4.05982034154358,2.69904840280827
"Half013k","Ha","f",5.0720141314652,5.7008481315322,7.489054781885,3.03137342592177,5.57139338402027,1.86012539113862,1.25968216932306,2.22499720775844,2.20006142527282,3.96463576584661,2.93587925965
"Half014k","Ha","f",5.13979525910144,5.34795006698322,8.19809516698658,2.57747486501155,5.4537584567674,1.78344611203379,1.3225592375243,2.06610823009296,2.17296111761502,3.99659852791631,2.43146513982987
"Half015k","Ha","f",5.13311088565624,5.50899360708188,7.39599468647551,2.35128665478319,5.07737503757343,1.39999817939946,1.2983893271066,2.39770858123739,2.37306833303424,3.30585732762902,2.75493243980595
"Halm002k","Ha","m",5.40463023951622,5.91674280673431,8.4427675538243,3.01078251846563,5.51882629305913,1.91886010499665,1.46437155757057,2.16968508747094,2.39222296501861,4.04888024942456,3.02436721731955
"Halm005k","Ha","m",4.82618700529737,5.04037337019656,7.68947485936904,2.77200806867534,4.91105608769845,1.66124561302492,1.22408838022459,2.35173735290104,2.25192629604759,3.5489854511479,2.67741317242864
"Halm007k","Ha","m",5.29762373340547,4.94745894547125,7.62263429274735,3.03642791544661,4.90346617238035,1.64203033285493,1.06416177215334,2.23280679587701,1.98241853389353,3.78199782830684,2.55977917262383
"Halm010k","Ha","m",5.17293500823694,5.55923800834509,8.60117947588933,3.29774514681283,4.76642217625918,2.18113982183087,1.57208674432968,2.38453113397722,2.15079149540228,3.98904718003919,2.61760115476095
"Halm016k","Ha","m",4.90265174022375,5.48003304118247,7.90716938338196,2.94376736196801,5.80283055358367,1.73471009186781,1.2245309798055,2.18197131547914,2.20275749370568,3.54501038903894,2.74289707216856
"Halm017k","Ha","m",4.8075194892349,5.41883946629439,7.94780171665203,3.02670307320651,5.36737709625018,1.82207795856203,1.29343011514808,2.39082576875813,2.36427378487546,3.66534739879163,2.31233615618849
"Halm018k","Ha","m",5.31900691766688,5.43267027352746,7.42163921988096,3.08483235173426,5.92949549753977,1.87745740615171,1.3800350658281,2.3853627681269,2.35070772711444,3.74236617121836,2.80797474916084
"Halm019k","Ha","m",5.50783367167687,5.78532501503627,8.47540143548248,2.76467549277429,5.35360464292808,1.79478750269221,1.26785362111409,2.04587676514356,2.26202801539657,3.97971269952202,2.47646776018388
"Halm020k","Ha","m",5.1823490804666,5.68467772071735,7.96819609272229,2.86679449697441,5.84397911522047,1.54340482431847,1.43856419268744,2.24463175149498,2.20459513774155,3.74163474725346,2.70937662818709
"Halm021k","Ha","m",4.90550909739304,6.85630890921695,8.3221954720148,3.48937473276603,6.13914084960763,1.93069992415685,1.46239916534167,2.60585456562734,2.60863077266336,4.09314221230842,3.25654063716062
"Hauf007k","Ha","f",4.66122955875917,4.6880463902508,7.01043359215176,2.73480503096258,5.4199073521766,1.28515870925281,1.40411835071175,1.96117983913497,2.1946369960073,3.1692869638986,2.30241313095748
"Hauf013k","Ha","f",5.04048663584356,5.14426785972587,7.55985831904617,2.70495143794341,5.46785959258419,1.46816280845231,1.15595254693167,2.36908544457059,2.27159135821774,3.34687881763362,2.445610046039
"Hauf014k","Ha","f",5.29968658027773,4.74312588340102,7.95743431585813,2.83245876683456,5.56153063219675,1.73797385854461,1.49140661791742,2.15139212954431,2.20323535474532,3.33230274964676,2.66313116688297
"Haum003k","Ha","m",4.81838617077454,5.800256671188,8.71588937321399,2.40523435787673,5.68592760968173,1.57009204518856,1.18591391159886,2.21031883469213,2.24389737691322,3.88687086932575,2.92398062725988
"Haum004k","Ha","m",4.87733145036962,5.53659591353815,8.26885566273882,2.90369804600397,5.22040970769004,1.56698355170153,1.05174022286903,2.26637603067502,2.21751068464547,3.69232297193246,2.84769446388246
"Haum005k","Ha","m",5.25730493314388,5.00957198700776,7.72711053876038,2.69782958921515,5.29816060453837,1.62767459324212,1.36437859116303,2.31029802776018,2.44805047520322,3.59380567117025,2.62988287371194
"Haum008k","Ha","m",5.02630823438072,5.87952814624667,8.05926661196317,3.22054685215895,5.68756704358831,1.79548679212,1.38957568353308,2.31564054937458,2.37004354885523,3.54702733057676,2.96001874113428
"Haum010k","Ha","m",5.28718041024524,5.72908025003121,7.66934327079751,3.39102797605409,5.62653194469775,1.84764009850882,1.66800480157936,2.34776146125228,1.99423780716995,3.96142730835031,2.95101286956073
"Haum011k","Ha","m",5.38634101868643,5.67464629453576,7.82532283162102,3.0450351613383,5.59022753302696,1.74853469231153,1.25209700009312,2.14279653177048,2.25794630533843,3.77037791821355,2.56871683992468
"Haum012k","Ha","m",5.0254645501765,6.21055629830024,9.0222468784797,3.77789133463395,5.37448736623353,1.89453319817419,1.86484971688061,2.20625660799267,2.47196851317832,4.02971813369707,2.76089153575684
"Hauu001k","Ha","u",5.23235402352053,5.23808682257993,8.20296394190488,3.02297825973108,5.2443722397166,1.84144288888662,1.55691331519011,2.25046630625003,2.29688327286802,4.05001456461693,2.82564966040356
"Hauu002k","Ha","u",5.14106564348145,5.54572067169529,8.03744876954004,2.72137920975202,5.56165006070625,1.2534339667917,1.33512795015803,2.46234161310172,2.28777593044321,3.5788075604243,2.61314931656943
"Hauu009k","Ha","u",4.98582696831074,4.85802626634796,8.16887317607566,3.02925287095411,5.16222846770792,1.63078162627361,1.25091692174972,2.27391613901842,2.08157018957377,3.86521300935816,2.48393671013513
"Hmaf003k","Hm","f",5.22087214525409,6.10528540006618,7.81041273032876,2.99440163268028,5.96620661007621,1.5811288870379,1.46063562996094,2.30689428192037,2.42986340580183,3.73173258526558,3.04376825753146
"Hmaf004k","Hm","f",4.77971292215566,5.92479734477099,8.14374482143798,3.48851064034492,5.78611716568791,1.81386610442151,1.22658338431108,2.1949988100118,2.24818217986819,4.03629557637562,2.62307959227718
"Hmaf005k","Hm","f",5.50346727071345,5.7915531859889,8.32621325375791,2.84854888328073,5.82329166819172,1.35472142382589,1.41886879647652,2.13779133243788,2.20269978021066,3.70395502025156,2.90480834131
"Hmaf007k","Hm","f",5.32538693163948,6.00131964504178,8.38239821833159,3.03122000419428,5.9045323583972,1.82454936477377,1.68037864355362,2.16155844821096,2.32458744793027,4.14265540513917,2.81390520125473
"Hmaf011k","Hm","f",5.77319179787505,5.79068344244492,8.10764958043924,2.74974313692239,5.92950747096517,1.59399765287256,1.37149241340952,2.30098382500188,2.29642481208116,3.8168945769466,2.99967822415208
"Hmaf015k","Hm","f",5.57792922201854,5.93064234982621,8.34264361867117,3.22969329532701,5.5867419214037,1.70756926453727,1.39202639730045,2.46736725359249,2.49325841309278,3.5978493136311,2.57614739774396
"Hmaf020k","Hm","f",4.92547529043873,5.93648267753791,8.46189315473185,2.75050219780352,5.89264542863703,1.46179956939992,1.38601349278698,2.25463470242695,2.41092550409847,3.9109973070434,3.03073514586678
"Hmaf021k","Hm","f",4.99685511611957,4.7583441003131,8.21885346976188,2.9298433037904,5.04971698645473,1.59299778706199,1.1645447511813,2.08251634347553,1.95409516226096,3.41574224138895,2.56752910578544
"Hmaf022k","Hm","f",5.1973033086437,5.81170019753506,8.13402170548866,2.95938569712019,5.49568363478894,1.67911676172785,1.32771290311169,2.35862274334488,2.26069004003901,3.83998622384184,2.69035418297387
"Hmaf024k","Hm","f",4.92373386250769,5.79686510685748,8.07813636699082,2.99786463458497,6.52471887504394,1.54129630690172,1.33880456554168,2.13484538006302,2.29182515620185,3.62138664367024,2.64295589649665
"Hmaf025k","Hm","f",5.18412831305406,5.53222244757985,8.21779862082432,3.02626187014212,5.70362845139022,1.77582007867123,1.31328855153315,2.36752231339064,2.32445036944311,3.70843636811914,2.29560918200535
"Hmaf027k","Hm","f",5.22233125178812,5.59898815833296,7.61427034544962,3.21823396165973,5.78805908548782,1.97639176031991,1.42154038977058,2.43725951907184,2.39952849846599,4.01008733992522,2.65207201116571
"Hmaf031k","Hm","f",5.4647567750989,4.72820044564046,7.55624369584589,2.91558254586091,5.98453349913,1.6276759948677,1.11978837452502,2.17642469320849,2.31371485339956,3.59256260512666,2.38105598379135
"Hmaf034k","Hm","f",5.21882725420182,5.50518090181943,7.4109588186674,3.08664540705784,5.54708120195934,1.7960523366966,1.27869520468635,2.23881495825526,2.52619039203011,3.77845195777927,2.96801102968341
"Hmaf036k","Hm","f",5.24813694367441,6.02114050527857,8.14557664624888,3.33655968399746,5.65742729311878,1.73427026871991,1.37543531035923,2.44149161916976,2.54880522511357,3.77601622526336,2.72457988364838
"Hmaf038k","Hm","f",5.0075404693186,5.57821085295791,8.16192685905932,2.65441427963533,5.48690789567573,2.03325015851779,1.33353810655359,2.0497841096843,2.31713814658414,3.34910919376544,2.78641447598213
"Hmaf040k","Hm","f",4.99116891748342,5.73539332787761,8.02864652692104,3.13792538521722,5.82582073075293,1.59216277696821,1.27406497423137,2.49991940154703,2.42014098028598,3.89618805872619,2.93349694176466
"Hmaf042k","Hm","f",5.10144120184002,5.76474442620109,8.13218397858095,3.16940535198777,5.59277080733214,1.32871884825429,1.30124397077872,2.40225867043494,2.06818578537898,3.87481357099568,2.70927445597601
"Hmam001k","Hm","m",4.82406912262079,6.25894957281078,8.72259719229244,3.74144855530511,5.7658100201511,1.87429369233516,1.5176508907366,2.89039216014388,2.40137627337349,4.16510632005209,2.75188005070275
"Hmam002k","Hm","m",5.16554101592497,5.98119574780564,7.56349422336125,2.98654636715889,5.61249248049446,1.41981439984695,1.34935867971945,2.16261033720136,2.24314074064354,3.78527254264394,2.63803180284154
"Hmam006k","Hm","m",5.20189296470919,5.52958091055688,7.66185658430024,3.2204221149752,5.8909619916958,1.7653865457501,1.25618723980588,2.26258383262567,2.2242441890968,4.36704493432379,2.62069061231939
"Hmam008k","Hm","m",5.20444762538323,5.64681401986014,7.96268125531036,3.12855602847074,5.80070588116676,1.64611416580936,1.46622456020444,2.38037971740839,2.27294243561211,3.69816455666221,2.75196066839389
"Hmam009k","Hm","m",5.06868060142674,6.29959332180557,8.25166193096321,3.33142845071747,6.00654763775805,1.899522931173,1.40008699939743,2.49456952059954,2.39224741934232,3.71373590451383,2.7154453182625
"Hmam010k","Hm","m",4.81159082613414,4.95517159950076,7.58760819290047,2.98788781858199,5.30352972262922,1.55716001062406,1.41041705325724,1.94821553118905,2.15464206353405,3.83960447538586,2.69740675322551
"Hmam014k","Hm","m",5.23358583613298,5.63956542319363,8.14278742317105,3.13799066852957,5.58447220097356,1.58854371534597,1.37005279325965,2.35873662412916,2.42343324389008,3.97424208494223,2.45231691548023
"Hmam016k","Hm","m",4.69729162040223,5.51815446373281,8.37654518984486,3.27746959474786,5.04233763353937,1.53337246478627,1.18791687773544,2.09608354276113,2.26984033352201,3.63083693261409,2.11915307633886
"Hmam018k","Hm","m",5.25310542934878,5.54581720859616,7.56479308234703,2.64326950643585,5.79276063716092,1.850021944878,1.3634883263574,2.11681844007197,2.22000049716567,3.86484359087063,2.96436043824267
"Hmam019k","Hm","m",5.07581307913197,5.12261125834025,7.59774042730477,3.16014089422447,5.02386174902489,1.70290209152143,1.20121287686381,2.07948621072056,2.18035662965132,3.80819659985709,2.48201521058097
"Hmam030k","Hm","m",5.6197483783286,5.16907697786309,7.33703269929627,2.99479109100714,5.41874555091152,1.7432345759229,1.30888675837828,2.03428177919407,2.00146580259303,3.29812249468656,2.41613044503032
"Hmam032k","Hm","m",5.5418241647266,5.4064764158942,8.17241155091497,3.41267764658156,5.5817955689945,1.73030007618183,1.52967214744706,2.25463327493368,2.50829407487453,3.79430798174137,2.54457518948665
"Hmam037k","Hm","m",4.94530857387102,5.37599618977387,7.90603661226641,3.19024327616452,4.82615640049032,1.78294814473419,1.23660544322259,2.44747783191378,2.3983381854009,3.60625925087286,2.43915644210878
"Hmam039k","Hm","m",5.20273185612233,5.61871807670117,8.08810409872017,2.96628080243843,5.83589752471262,1.66295204847951,1.27061301677106,2.22359858829614,2.31584988904168,3.66330484810233,2.68275582820786
"Hmam043k","Hm","m",4.97196878928558,5.78387703787451,7.60082951711503,2.70299083423918,5.22022752498381,1.42249561678129,1.17743349751671,2.20742445423508,2.38121845382786,3.8221130955529,2.70473703685184
"Hmam044k","Hm","m",5.31249504802382,5.443073648899,8.02078565457799,3.65291617856003,5.92370949560414,1.91456442046206,1.28450868483458,2.2693264118864,2.47796532448987,3.88827751052222,2.80983280600904
"Hmau013k","Hm","u",5.30071187179316,5.59906317818103,7.52757241040669,3.0114380789517,5.61481798702391,1.72169901504866,1.16792334132884,2.38147418995204,2.14935387556905,4.08739282564628,3.06530655597284
"Hmau023k","Hm","u",5.06755489121255,6.01444973526342,7.84429243357974,2.88492348048355,5.60574245306331,1.81997729312917,1.42025936441555,2.10430301535075,2.47448889395337,3.59541991464376,2.8048492554757
"Hmau026k","Hm","u",5.32140907314068,5.67245253040382,7.87847954346278,3.1228281115609,5.56844510908088,1.80819780570815,1.29350954867833,2.10270096589367,2.44170988307667,3.78153763654111,2.40842665518607
"Hmau029k","Hm","u",5.2959514128468,5.65919326246376,8.04950730920223,3.5519159299652,5.89330665615158,1.59155559974312,1.49354558330386,2.29726621935641,2.50112426809531,4.23264172971272,2.9420742968189
"Hmau035k","Hm","u",4.55561606725381,5.14280188558938,7.34919055165871,3.19414549573531,5.12753877080853,1.80908595936585,1.35786992448989,2.11097015859513,2.0780402547436,3.72066912038834,2.58260069389947
"Hmff001k","Hm","f",4.96223987173501,4.89064881776359,7.52866982858206,2.7424839448037,5.05883948007875,1.41549613916911,1.22597978205316,1.86839549120358,2.27057112907002,3.53964184374358,2.7499154771876
"Hmff003k","Hm","f",4.87359635712339,5.78612140734386,7.44693571717907,3.15050258201927,5.14273521130443,1.55283638910126,1.37901930416871,2.05246476933103,2.1052846456684,3.8759007252679,3.01240893379289
"Hmff007k","Hm","f",5.04883664165293,5.35104602831936,7.97941577866588,2.96585288013155,5.14033305607257,1.42763908156633,1.43887912609784,2.26763683153591,2.13653128675632,3.61208176552518,2.48024170360073
"Hmff009k","Hm","f",4.92932604453583,5.50285855826963,7.8439270651926,2.61773903741451,5.49908199171555,1.50799470998234,1.45143095340154,1.96012666342234,2.1483100845542,3.6662883667044,2.59218382358385
"Hmff010k","Hm","f",5.00848582390897,5.57910075554452,8.26145207078846,2.94534794665269,5.58552438577071,1.59831599513737,1.72928335767145,2.06441243932305,2.03283037631767,3.99459245122237,2.60544570381018
"Hmff011k","Hm","f",4.3192950547242,5.23957272479145,7.32497539178708,2.91044641876061,5.3137335674158,1.2654799560636,1.41660755942987,2.28765279449572,2.3178988767158,3.62783064438242,2.61358043452648
"Hmff013k","Hm","f",5.09415117715083,5.56432045567331,8.47637049609171,3.27845087190643,5.37769084319093,1.55290032137437,1.2054669879563,2.23274685896503,2.47032635381321,4.12948458965193,2.78050516113248
"Hmff016k","Hm","f",5.18848994731967,5.79135859043398,7.26491108831787,3.17451520882988,5.72792346680583,1.50860144289426,1.04944904628767,2.23231267729646,2.20063473018079,3.65066515285808,2.5742518154527
"Hmff020k","Hm","f",4.50888244606979,5.55670236357709,7.4276901913577,3.00078086997981,5.80312870661281,1.5494806519834,1.36868793063858,2.16217455398314,2.44784710132738,3.72784344430313,2.86490828914245
"Hmfm004k","Hm","m",5.15930674539169,5.36320926989107,7.88722385097963,3.3956732438288,5.56151688677177,1.36930520163583,1.32876532197689,2.2639566397263,2.39248369516184,3.99823173670968,2.67665044626279
"Hmfm005k","Hm","m",4.95861651688674,5.39719856307224,8.1717920673543,3.81162282172096,5.76499499833457,1.82525768824725,1.348829505861,1.88396672898954,2.1467601137725,4.27517582060936,3.02039359235289
"Hmfm006k","Hm","m",4.78267882285515,5.55136634668054,7.83200481647253,3.19915352800864,5.50595248052768,1.46475364751152,1.31539054368959,2.2979994065217,2.20818087890406,3.89209293648846,3.05665249496142
"Hmfm008k","Hm","m",4.65217728373526,5.62876802829706,6.96272169747824,3.14829888224687,5.81184224306985,1.68110467099592,1.3589054257495,2.38144482731525,1.95830323479245,3.90046098173883,2.94836150909209
"Hmfm012k","Hm","m",5.03430955118,5.400692936166,7.62657758608491,3.10294456610229,5.68060650847338,1.3964532848013,1.05708365605791,2.04891166804903,2.30362692363998,3.82080615106672,2.59642106217394
"Hmfm014k","Hm","m",4.46606777918244,5.4586583222279,7.57527454861229,3.1169634144506,5.35348473773334,1.47548150801932,1.15866013347149,2.27749902105226,2.20065369578261,3.36393284897424,2.78510336678237
"Hmfm017k","Hm","m",4.74172272051077,5.46084924092775,8.27994602280459,3.2647781895422,5.42663356259064,1.71647839469638,1.25790608615777,2.36073366302799,2.60785386876301,3.54803831360728,2.64744179123004
"Hmfm018k","Hm","m",5.16576239630325,5.35232768724493,7.50760755283583,2.96192866693704,5.36051036856858,1.71783349678721,1.29902194157387,2.12703712429751,2.22047364400962,3.60368342920498,2.56443305934402
"Hmfm021k","Hm","m",4.74758465423323,4.89394632298416,7.78244824844379,3.15179354501821,4.93720318552362,1.79775779192696,1.36250453661201,2.06367374308293,2.29681242960604,4.05385911410665,2.15037145517048
"Hosf004k","Ho","f",12.977779344465,10.214815111177,18.5995699826552,7.76454463821313,10.9296270948146,3.3408424375021,2.34259159186715,3.70360972114715,3.9164344571283,4.99553886031651,5.28090873505211
"Hosf005k","Ho","f",12.3273368058143,9.68609192482502,16.9416885313491,6.1747332812799,10.4921266163112,2.97018986979042,2.2347211549946,3.11709230008355,3.96693146923614,4.53892052079348,4.84856768724286
"Hosf008k","Ho","f",11.8703004761206,10.190356512702,17.1653759268264,6.38491420195252,11.2307222872396,3.0817672008399,2.42735823194356,2.90414399687637,3.67640029296635,4.65712855525336,4.83493235472003
"Hosf009k","Ho","f",13.2925975657659,10.2486646643276,16.9386359637117,6.33973029154275,11.0765549578788,3.57925495921463,2.14962173627426,3.41489333975449,3.82364388651763,4.88334271078133,5.04256878826737
"Hosf012k","Ho","f",13.1895345481189,10.9633797424703,18.6766380190834,6.446776956262,11.3978328224824,3.13495816114515,2.33798551122686,3.40478549924694,3.66397400704607,4.86196301210768,6.4618253219942
"Hosf014k","Ho","f",12.8553130329142,10.9380831178016,18.5245784126141,6.89252119791981,10.5024404680114,3.24050316399172,2.11591414118536,3.35716098603501,3.70643765107077,4.98498608839901,5.39077166108526
"Hosf017k","Ho","f",13.1441627310245,10.8275845408132,18.4360172400814,6.35365967931173,10.7522363628859,3.39450855504142,2.36991945972768,3.26073459025877,4.01111661788115,4.38326981958356,5.09655543103941
"Hosf018k","Ho","f",12.5333565617508,10.9017933685043,18.56443759075,6.65536694560003,11.2653154500223,3.7324768791126,2.44464016362229,3.26768347561534,3.82639757982122,4.85862950747553,5.15812712270044
"Hosf019k","Ho","f",13.7013186611905,9.88838467988131,16.4104820306028,6.18643996617712,10.8614915122901,2.94855324563464,2.57747945502171,3.21591542325416,3.64106249744068,4.39173869621247,5.87475129229943
"Hosf021k","Ho","f",12.6076628840403,9.50412498527611,16.7827936567863,6.6466042483677,10.5486476293315,3.83351478632305,2.14231469811949,3.2931867810623,3.6947612870492,5.5190759491212,5.5554546070418
"Hosf028k","Ho","f",12.5464695827238,10.2799456785959,17.2412449164516,6.95584901377019,10.8546952782468,2.12605090922003,2.36103780764953,3.7533121032138,3.60394179252568,5.46949738848165,4.94886601742004
"Hosf031k","Ho","f",13.3807476427954,10.5504141885198,18.1313761736897,6.88919013835226,11.4190368026331,3.33743646642146,2.5368646908324,3.78409460572143,3.54340556496492,5.45873795827562,6.0465719869483
"Hosf032k","Ho","f",13.2814547725559,10.9905597291454,16.6005618590914,6.69992664484556,11.2734462486602,3.09492126554253,2.7025970545885,3.60699649829667,3.94989293069027,5.91887587294574,6.06563130944072
"Hosf034k","Ho","f",13.3338767085428,10.4610706543839,17.3134678563949,6.4379912695531,12.382853656811,3.44274492336425,2.44312274482515,3.61542719416992,3.7718689789024,5.15802012681612,4.87948903163707
"Hosf036k","Ho","f",13.1223941535454,10.2548887300611,17.313178566275,7.22293834234802,12.148072370822,3.24138303489889,2.8607533454255,3.51435098211186,4.01114793239646,5.20304130838251,6.11025762866297
"Hosf037k","Ho","f",13.9411137031346,10.1824022172668,17.8947248466534,6.77031280979199,11.790539294104,2.98742327095693,2.998119596114,3.77334225452941,3.86916452842384,5.02956083491414,5.87032083866948
"Hosf038k","Ho","f",13.5843098443901,9.24906667247652,15.9962017071265,5.92741018047465,11.0998159545504,2.96607164073719,2.46833019050381,3.45701700833055,3.73199627502749,4.67615444754203,5.21698652936252
"Hosf039k","Ho","f",13.7115192590884,8.89932172552217,17.1986752778409,6.60341594428419,10.3597927663587,2.51923426132702,2.75249167933332,3.55420573537113,4.07732013902391,5.03177930242413,4.82105228628658
"Hosf040k","Ho","f",13.9315312800011,10.366564874875,17.6825757731003,6.70023212073519,11.0247940320387,3.11946385360436,2.34001927749299,4.07102994366169,4.03576067347303,5.76980524744509,5.66888559971109
"Hosf052k","Ho","f",11.9523276694301,10.6262378950496,15.734941609519,6.82494518396833,11.7524219029364,3.13049679697613,2.3372790218858,3.31597812817098,3.8982051728194,5.2345466880958,5.0719631457796
"Hosf063k","Ho","f",12.684467978859,9.78594119989368,16.5830761686838,6.85715537125735,11.3817860380427,3.26782230844028,2.55063629361935,3.37213387487083,3.66737146862013,5.24800560725337,5.90663072501395
"Hosf066k","Ho","f",11.9097958827871,10.3369826680579,18.2547286419361,7.10476114199451,11.532038833451,2.64247315135434,2.56883870917573,3.16186139426455,3.55003970727093,5.16534066331145,5.60373971670252
"Hosf069k","Ho","f",12.4980392146302,10.5338351979807,19.1944520180501,6.54425354053353,11.3140621621605,2.85374106836391,2.44799459446727,3.62831396048552,4.2038982090314,5.08360206542022,5.77711899605075
"Hosf070k","Ho","f",12.0305811372861,9.50595466792498,17.7698143812463,6.91047207968924,9.65921211420018,2.8727291483409,2.07946963031418,3.66717789736771,3.83972140233008,4.72765460214481,4.8562908147004
"Hosf074k","Ho","f",12.2359617073188,11.6663911939749,17.8175181505426,6.42449206453897,10.6068410390946,2.80651495398225,2.03325013995734,3.63036022924211,3.67871667857181,4.69745040723944,5.60645249551385
"Hosf085k","Ho","f",12.4297433888817,11.7423911706902,17.7448149825131,7.71192744711953,10.2745967057089,2.89172294059555,2.27982397377291,3.83217630558628,3.91192199662992,5.22398666244457,6.18300424970882
"Hosf108k","Ho","f",11.9276731139311,11.260010453052,18.1918912710137,6.77206933202337,10.5247583261911,2.59428272165757,2.47646241130366,3.7161401973932,3.89988973362258,5.364174168896,5.55268118603422
"Hosm001k","Ho","m",14.1178364848462,11.7715233990824,19.6429340567686,6.64916054346256,11.7642985248109,3.45776144338667,2.42259668280907,3.19990799506495,3.91069934057937,5.65553793634409,5.4195579418622
"Hosm002k","Ho","m",13.2203128987021,9.92703432087364,18.3181883740741,6.69115437885451,11.567727011466,3.50254684085186,2.38509053198279,3.1643516033886,3.5576609820119,5.27875009926027,6.01989979202643
"Hosm003k","Ho","m",13.346318319619,11.6728245993018,18.9620038698523,6.21933064646989,12.2634189187096,4.11029312846158,2.88488165471747,3.05655494226945,3.88742042143268,4.95498052911913,6.01754533326929
"Hosm006k","Ho","m",13.2501817767577,11.2685367543722,18.4019779121155,6.89375932187853,10.7665736378205,3.32314350246151,2.60842571813686,3.46075794051586,3.73964509090764,5.20285900001473,5.72498372674488
"Hosm007k","Ho","m",13.2382823726731,10.4120938624809,19.0415539052875,6.37367037230815,11.896101749292,3.34141346851376,2.57321517809346,3.03867243759191,4.10470475325182,5.10817434381168,5.74119337721108
"Hosm013k","Ho","m",13.3229711074329,11.1865366608429,18.8810173104554,6.48762995311562,11.8541864972826,3.26143311045385,2.64927316604954,3.71870542831413,3.85499111139924,5.53050953391423,4.64434731373866
"Hosm015k","Ho","m",12.2008323837885,10.7894399366402,17.4382996257941,6.60927729058311,10.7379741175646,3.00427084146942,2.16849242989747,3.37666397737134,3.42948139024308,4.51857576505815,4.75452143495907
"Hosm020k","Ho","m",13.588748311738,10.0979017250977,17.6181605890781,6.46447734481729,10.4034659823536,3.60253235846841,2.39822228992942,3.45168232684077,3.57300944358097,5.39497535506828,5.73102272789805
"Hosm023k","Ho","m",11.9305025291889,9.51983372428782,16.4768443527214,6.75201919281399,10.7612518277568,3.12580229081636,2.67225104023643,3.49438599765958,4.01312507997579,5.14568296499524,5.48244453938511
"Hosm024k","Ho","m",12.3420410641445,11.5619306140497,17.7485025296316,7.50774195728463,11.9335878376532,3.24414900296537,2.40330249568407,3.54074502063313,3.67160032617816,5.95250136491877,6.24767277153643
"Hosm025k","Ho","m",13.7710513776875,11.305425436869,18.1008362731309,7.71860248790015,11.8817766069014,3.67404628223138,2.54287345736001,3.36409276783728,3.95423911520374,5.08166775362219,5.796530568194
"Hosm026k","Ho","m",13.7532055685962,10.3992876267854,16.6857384913942,6.44348200493364,11.5585516048419,3.00042992565107,2.76355833582727,3.79892224141321,3.85524563503354,5.20155735742282,5.70961654974057
"Hosm027k","Ho","m",12.6710084279571,10.0337968007608,17.957104334389,5.99396882151147,11.1644682541522,3.01753225398661,2.98999621090878,3.50025926634298,3.78332487207578,4.90421228809722,5.07918555726525
"Hosm029k","Ho","m",13.3880625995467,10.4113593559905,17.8077485856021,6.30946409149478,11.0199218370538,3.06910675507698,2.90256728517942,3.63990107968313,3.95546697447995,4.80731109230131,5.6674175462269
"Hosm030k","Ho","m",15.7222732107444,11.1533963465477,19.5867874508247,7.44197721950479,12.2737020523673,3.37267328924559,2.3666127264272,3.60373773658818,3.82121136589942,5.99111387716088,6.23257893075451
"Hosm033k","Ho","m",15.5583133276266,10.2138623912326,18.4126759212,7.95874360057123,12.1022247834648,3.1081684647507,2.86322118476516,3.59171122847171,4.09410872317698,5.27710735860393,5.72339572906161
"Hosm035k","Ho","m",13.1534983649459,9.8935951009793,17.1945255667645,6.97916875570831,11.6563483802971,2.76818089179244,2.40347895544605,3.83690850068757,3.94155697690704,5.22294024617896,5.93191806048283
"Hosm042k","Ho","m",13.445591596134,11.4607114950869,18.9907940363629,6.59841254342913,11.9921253057366,2.83782360453384,2.78917524866809,3.76172866361379,4.34915719653626,5.42691076125132,5.85028434669409
"Hosm043k","Ho","m",13.4131000837623,10.0398754125308,17.4898609573387,6.90942085190363,11.7125954057909,2.8295903571373,3.0644903370803,3.65100787178935,3.78326910995825,5.57276839188221,5.64957284998912
"Hosm044k","Ho","m",13.6768954260097,10.9602653547746,17.7050203701197,6.61131322570174,11.7860055597596,3.17691987978173,2.93547932898774,3.30974468408991,4.22911671886763,5.66288225170872,5.52204962286608
"Hosm045k","Ho","m",12.0782487130435,9.91543926079586,17.663762643408,6.14192869408933,12.0640444811092,3.14914258144533,2.53594626224772,3.64998178030609,4.12600886104669,5.11531794549618,5.44483097880187
"Hosm062k","Ho","m",13.9239274115048,10.2026346148301,17.1113134291309,7.07061620749966,11.1504470094012,3.43727277698802,2.28455367249493,3.83743077910501,3.98184059596041,4.89875209015167,5.46498355882159
"Hosm064k","Ho","m",12.3102605419279,11.9361122145266,15.5536620731348,6.49154066947296,11.8450735641799,3.38871032009063,2.09442446996674,3.80149370799932,4.21159173969962,4.76150741331585,5.94986775601077
"Hosm068k","Ho","m",13.8284128331542,11.7839033087518,18.95443300262,6.78104828348913,11.1677214279952,2.9241697473976,2.85301320850836,3.13996363061379,4.15195332272835,5.70968442594248,6.19659586160426
"Hosm073k","Ho","m",12.4845266654365,11.222933805646,16.8501877979207,6.11619270175477,11.3004195080992,2.7519253082129,2.08698662582692,3.02392699325774,3.5068128838137,5.14625154579516,5.38612013605461
"Hosm075k","Ho","m",12.9687441211743,11.5230230481544,17.1655703092004,7.61312039398491,11.2321052867235,3.46672449284497,2.35488370351394,3.95108525676366,4.14689584406098,5.25410910401081,6.02592457582924
"Hosm082k","Ho","m",12.8966478867445,11.6318291799363,17.448204803171,7.68027796095337,10.7854790471212,3.35242798494852,2.35002967066023,3.5837492806062,3.98887889031761,5.11297470992138,6.36611857129308
"Hosm084k","Ho","m",13.120718204933,11.8922789484785,15.6701421726259,8.34566274789721,10.8913998281766,3.55047034831444,2.03240003672793,3.61346576060764,3.60719088200768,4.98938975726678,5.67205369573445
"Hssf004k","Hs","f",5.50721120277527,6.62575995441715,8.84405641734003,4.15085533314135,6.59857054631787,2.57688910149071,1.57932413518841,2.52291538959668,2.49782199735139,5.50504251904474,3.04313554546364
"Hssf005k","Hs","f",5.84535483603245,6.57465815228861,8.7661154641559,3.93291267407451,6.55967840885892,1.99974876423243,1.47066179446931,2.33792009519495,2.28889144377854,4.70206076346522,3.5988459417761
"Hssf008k","Hs","f",5.16953693039862,7.54858609214967,9.60256202470318,4.43327176927861,6.96754931502548,1.8327238487678,1.60223552866719,2.38202027474979,2.35041414738349,5.47733010400135,3.72843452514687
"Hssf009k","Hs","f",5.14387380253693,6.19487910551089,8.68830794654262,3.8068298322383,6.21864387941774,2.43347055631395,1.1928185195388,2.32271060956556,2.43100493668199,4.73313338995667,3.38829097769048
"Hssf012k","Hs","f",6.07089118778491,7.54234369398364,9.61736546041987,4.06959335837671,7.12466056963946,2.41106784084639,1.68051489607293,2.48846239632154,2.37701043261326,5.21635041449455,3.799303863952
"Hssf015k","Hs","f",5.72186833765153,6.77430346634515,9.51818653162798,4.37817929806377,6.13651361780075,2.71086570592728,1.49001485565877,2.57533378025015,2.55547486458563,5.56465274102371,3.15364123459134
"Hssf020k","Hs","f",5.96792878634977,6.34752316386229,9.36441448549223,4.32165940664334,6.4597130694831,2.34771265788609,1.45929936443913,2.58697660828287,2.46537705927483,5.66269134641919,3.44325815543735
"Hssf023k","Hs","f",5.92115485174114,6.82065446674669,9.56040570085169,4.15400593112586,6.90482129589997,2.19811420403672,1.69231983399606,2.37081402659944,2.12808036756571,5.33275014761817,3.17825913392837
"Hssf024k","Hs","f",5.82468111316943,5.98859845272433,9.56124184912863,3.97305552765277,6.41163945038802,2.36173958091693,1.30301497858498,2.46218459244552,2.47830045915319,4.99344193927165,3.22398392429617
"Hssf025k","Hs","f",5.90077314214265,6.18554437584865,9.52800078467553,4.42712012636202,6.7755515446419,2.47291931310874,1.46695528609482,2.28607583861519,2.41149535184217,5.3952791872414,3.73816221178886
"Hssf030k","Hs","f",6.32650838121922,6.48008560678,9.26428564413396,4.26849417278212,6.97260521804764,2.00476863387123,1.73090861299106,2.53450913292227,2.44869040742077,5.57378564618397,3.93733540303553
"Hssf034k","Hs","f",5.40261679975768,6.232711334623,8.82655753479295,5.05598919201138,6.96973533452938,2.19872069596075,1.83886740088139,2.72071386804608,2.32118370263083,5.58317970834691,3.75075990268951
"Hssf035k","Hs","f",5.70481317608085,6.00200097443677,9.69822890872929,4.3858524303923,6.14425201512457,2.0511957376556,1.60857971770731,2.40782594244451,2.5825661397579,5.12826651059806,3.31301986198171
"Hssf038k","Hs","f",5.83732670551728,6.33287300587928,8.89091543924374,4.07348719602076,6.99636801789934,1.98426018771497,1.39087630993743,2.39841991045812,2.27153339103477,4.42393366257635,3.81507034791951
"Hssf043k","Hs","f",5.67665518052002,6.06345829193238,9.64062661691044,4.27873510648096,6.9384129789135,2.31290165906236,1.51519797760205,2.34973611844629,2.1966078271052,4.90562039583555,3.5366035341083
"Hssf046k","Hs","f",5.54036992441395,5.68529135577788,9.21681278056043,4.27344030535137,6.38023145075269,2.15985928656722,1.50016371589544,2.18808744423763,2.18964815121684,4.94579466996059,3.35780136809256
"Hssf054k","Hs","f",5.86214248055528,6.36764787206562,8.33952506071286,3.96777724558164,5.95857884002553,2.39515004045326,1.54555165814808,2.77251715968694,2.55611671223181,4.16326117936271,3.0453038379426
"Hssm001k","Hs","m",5.93929618050902,6.48344522108983,9.29753288650012,4.59547856583304,6.96284721994671,2.30099833930971,1.66184562783938,2.48968896704241,2.44035524427748,5.14078364377355,3.52378239973643
"Hssm002k","Hs","m",5.54934910025795,6.55228919739351,9.25459980246845,4.9554454836821,6.57202591201059,2.54731772384197,1.77501309221414,2.25632457147474,2.37023833392383,4.98601978916834,3.12649676765654
"Hssm007k","Hs","m",5.45368413394665,6.77193366567119,9.52413832874085,4.58417830730671,7.36855471876911,2.32725460867972,1.61521633662527,2.3266761226257,2.23877946043022,5.65392794392081,3.33971633932048
"Hssm010k","Hs","m",5.71993991157271,6.9830205182604,9.13161081772792,4.17488394860548,7.17514489229078,2.3209418006198,1.70762391597401,2.52430735007906,2.40061096597499,5.4035013630813,3.38477750705718
"Hssm011k","Hs","m",6.05886441904782,7.29933024572204,9.39110520830433,3.98714296483118,7.14646365147536,2.40686623946931,1.58282007488771,2.43623502741639,2.38323490068562,5.39105058998749,3.48124736078235
"Hssm013k","Hs","m",5.87583605457349,6.93427862909611,9.48894659093646,4.5117495153224,6.99177190474061,2.41331854387629,1.46968416810447,2.10225485876055,2.51731077572619,5.61690698272302,3.38280975538837
"Hssm014k","Hs","m",5.67882135942125,6.84423062545739,10.2653614380165,4.5705760049476,7.25083909996706,2.13750522948083,1.55252976893944,2.41742802010471,2.51454232311633,5.58633274513365,3.56520983121759
"Hssm022k","Hs","m",5.48833654166822,6.60949164450483,9.10178803065841,4.4765095879357,7.00611155595573,2.42568368290577,1.54746545441716,2.34145335177201,2.66059767249513,5.36667726500656,4.25450095786468
"Hssm026k","Hs","m",5.22878764371426,6.51463237123519,9.77602302935571,4.34508691228799,7.35432944718704,2.50569425658376,1.57926295994497,2.63091424423673,2.56709394474,5.05434549736934,3.02139951863321
"Hssm027k","Hs","m",5.93307474534691,6.72384045781259,9.18157786526185,3.77579316806675,6.72346149324521,2.04436728433753,1.42108130368471,2.56927994262013,2.64845101684059,5.62664365216391,3.5298940247283
"Hssm048k","Hs","m",5.42076773393333,6.68430547461523,9.29726431482777,4.33785167853535,6.54466213541054,2.57002865457894,1.82961957758456,2.40365797912608,2.18756514851346,5.07715438858512,3.56180609257126
"Hssm053k","Hs","m",5.49458938752471,6.3869268943447,9.36762017474308,3.96301109899333,5.87106334220104,2.39054776580078,1.50802911539948,2.37264706833928,2.6419917340978,4.88754165457886,2.92184267443412
"Hssu029k","Hs","u",5.47942623951909,6.41517227867931,8.34568396938742,4.20753231792415,6.38447724282011,2.76225062930317,1.41099939474598,2.38337621463154,2.44685783389096,5.01477044311919,3.31685030423883
"Hssu033k","Hs","u",5.48726580093103,6.08663223766688,8.4965955818607,4.16321073979094,6.48494377778947,2.58732874421629,1.61069634907986,2.33689728846236,2.27978913978446,4.59908109011396,2.95900554045465
"Hssu037k","Hs","u",5.58163106311204,6.24207620035778,9.10847787515542,4.35266815139505,6.3353517998664,2.32945308648372,1.60888807620334,2.48933568315921,2.44466610419826,5.25483420207944,3.37613039914224
"Hssu040k","Hs","u",5.81182328390495,6.67695291581186,8.81871391099041,4.29148701581358,5.69919261040855,2.48019776561039,1.42740362662556,2.49170357941288,2.33468529916051,5.30394258588629,3.08686815561425
"Hssu041k","Hs","u",5.52474204128295,6.69864314359508,9.30651118451111,4.25985416543881,6.78957263390812,2.4547468685193,1.72248880903638,2.55655400881303,2.66273626400159,5.3877218818767,3.36835152044329
"Hssu042k","Hs","u",5.35148336577565,6.35365868980888,8.77477370554717,4.56414862224935,6.46900857767401,2.27310975159296,1.55997563676323,2.6907089133061,2.49804933465743,5.15290453355444,2.70234296079405
"Hssu045k","Hs","u",5.94480460967211,6.40146902148626,9.35945409771996,4.43716723744683,6.41581070287267,2.98650066277395,1.90346747605032,2.41726886811432,2.43166465755248,5.43162075431144,3.07758924570762
"Hssu047k","Hs","u",5.29017670760762,5.59329327753566,8.89233459875515,4.1207230376471,6.02155977979962,2.12844186924469,1.42196885435158,2.42305823961112,2.50432058276826,5.29917512610852,3.33270003101541
"Hssu049k","Hs","u",5.20380188579703,5.8239896073309,8.81124881060009,3.51335309438199,6.24241358681492,2.13919773200712,1.45333747824925,2.25074646510005,2.33444125671831,4.53978526440998,3.24485127807825
"Pbbf001k","Pb","f",4.90966094449549,5.18721198029611,7.14488037639112,3.23346357642413,5.93728586840198,1.79188703907704,0.666605764785566,2.13382916102978,2.22633217797471,3.4749023487461,2.10936868210143
"Pbof006k","Pb","f",4.84686768301424,5.48593944664592,8.18842581324701,3.93198604892262,6.12551414501332,2.24488780174084,1.09965458815288,2.16877466927151,2.01860132867217,4.05908114922685,2.58994898091516
"Pbof007k","Pb","f",4.78351442353569,5.18260189755839,7.79773911015873,4.14597920530633,6.66506962300476,1.9732071388588,0.957174013651456,2.14316123310308,2.20053726079232,3.86270524157112,2.59092603552313
"Pbof008k","Pb","f",4.7426452417867,5.22341478050125,7.09901732161673,3.62383926228506,6.19534335805405,1.76214198883421,0.859781517429526,2.20091965083291,2.19172367012273,3.88221156866159,2.37836223429815
"Pbof009k","Pb","f",5.21163392990768,5.66409246911624,7.82360375310597,3.77003364831533,6.50075138183263,1.93512426488798,1.08983969139098,2.20618182033379,2.03758920896424,3.73046412447949,2.60246300653762
"Pbof010k","Pb","f",4.9891467286039,5.13734010119877,8.28350690736305,3.92078125432023,6.61004357417168,1.92314213652144,1.1753222198369,2.24616006287421,2.12708047736107,3.82314221194064,2.75298720731975
"Pbof024k","Pb","f",4.7114333196384,5.17539162285662,7.50526999657565,3.34014398820921,6.27653409729689,2.07612702912555,0.86623045009676,2.0547263535935,1.9971719843989,3.7577094051976,2.17663791920471
"Pbom001k","Pb","m",4.98484605681407,5.86542733593233,8.19609863927837,4.79071323582379,6.83888361414139,2.38448755718528,1.11612385003352,2.0490265703241,2.27239968482641,4.34123949891917,2.81859187153543
"Pbom002k","Pb","m",4.89754847540248,5.70078159968554,9.45156071575123,4.97089868911745,7.1089531080611,2.01160869522234,1.25434850170451,2.17321995723052,2.29034735424547,4.30963168917985,2.96382499872583
"Pbom003k","Pb","m",5.45947858257391,6.46268250024379,8.8969322290906,4.94431066204826,7.37121946773869,2.24439321941024,1.15961048239,2.14941373422281,2.24989852685525,4.70317832199852,2.78467875081624
"Pbom004k","Pb","m",4.79056385882857,6.08398463319417,7.80639808145399,4.53475119565094,6.78164438283403,2.08388816884357,1.08450553894164,1.90808838320375,2.21483850591705,4.1071283707223,2.26216958035964
"Pbom005k","Pb","m",5.70421409752314,5.66773919176631,7.55791029124816,4.73362455088907,7.00043960304435,2.30011526118836,1.17289870210781,2.19473140228808,2.35460907435811,4.30166031484469,2.73128511356562
"Pbom018k","Pb","m",4.94179726140799,5.26755226504384,7.403128139439,3.66688433872185,5.32267620512584,1.91954643897265,0.86855063045196,2.26636800387535,2.00930956388502,3.4552974419041,2.25406658244949
"Pbom019k","Pb","m",4.50268393996103,5.26378500773252,7.52420776999166,3.7659063395265,5.40772432482924,1.9913769135329,0.78510080752678,2.08841629525889,2.11937757346951,3.40397661506984,2.1581601540474
"Pbom020k","Pb","m",4.85937095460999,5.70167282218256,7.56264992206006,4.13261760169315,6.27804412327299,2.07066164533991,1.00313076631098,2.24044980778362,2.20029476235895,3.82541542381499,2.37495534015368
"Pbom021k","Pb","m",4.50208686635419,4.69623247226311,7.51365317422084,3.73982059474309,5.94651912515881,2.03826238058573,1.02890476895957,2.2108042790572,2.33352403561329,3.52303532038472,2.11836598522145
"Pbom023k","Pb","m",5.10292203655353,5.1470887117852,7.6142755906037,4.00695609019804,6.4019017286332,2.02152959051126,0.864681474146575,2.2721413472488,2.34200386556748,3.80359975118872,2.16562982739126
"Phaf006k","Ph","f",6.64738295647773,7.42187072280035,10.3572283457839,9.33788990346673,8.59779922093762,3.24726197021996,2.02793955551735,2.6411548380759,2.89791631580343,7.78733051369714,3.96096535701139
"Phaf007k","Ph","f",6.81764255528469,7.39052596225573,10.2519988720587,8.78736487956845,7.93520829211659,3.55440392946317,1.88548331545316,2.74176508217612,2.98626521204642,6.88985785191899,3.70712045843107
"Phaf008k","Ph","f",7.14331239330914,6.50879076290326,10.3459783976645,8.69631458373703,8.32139248849533,3.48871243155498,1.79420636412214,2.39719344251069,2.92019069724433,7.30679914508184,4.26103003216566
"Phaf009k","Ph","f",6.65855901332927,6.5385767355703,9.93345865048241,7.74923616932698,7.45223280845066,2.82511636566712,1.75988921791545,2.37479093616337,2.780173047787,6.39853647643867,3.38975515661336
"Phaf010k","Ph","f",6.71588565497969,7.23176686557512,10.2666755773654,9.42887876389791,8.43918846381093,3.33792523255321,1.88761530663783,2.91197976207206,2.70989505750218,7.19043665209661,4.20381163202799
"Pham001k","Ph","m",6.55850657546615,9.15905554616143,11.7115109856462,12.6519484509341,10.343042185501,3.98724431372652,2.3361058428398,2.76809135737167,3.06816890646421,10.8198497952493,4.49278573417058
"Pham002k","Ph","m",6.73575089361059,8.61578191960007,10.6907502040456,12.0893488093567,9.02191597523557,4.08141383712359,2.09348274449899,2.4502826330843,3.11621253934278,9.16055878781987,3.71071698176754
"Pham003k","Ph","m",6.81991537935349,9.05005580404895,11.0368828811332,11.7475885648087,9.73605391141044,3.60559643004307,2.26388470783822,2.49369434684315,2.98620073683473,9.17116871087386,4.42698334758682
"Pham004k","Ph","m",7.13994324028716,8.14899811587697,11.3866365478853,10.8203830500831,9.78911354006734,3.49701798055638,2.56232130970764,2.77678160296776,3.20259288667706,8.51942585986117,4.13856497553043
"Pham005k","Ph","m",7.03876651788838,9.80450017960457,11.8163930503436,14.7014049187209,11.0222277601711,4.53107918549462,2.40761210289792,2.6783059950447,3.5088519439827,10.5464956082884,5.1928746902172
"Pham011k","Ph","m",6.75891068387856,6.96356540872673,10.389094624617,9.18115847333153,7.97814967389571,3.0567085450075,1.96890697591832,2.48292645325282,3.03876031510732,7.7390169305544,4.19205276350677
"Poaf001k","Po","f",9.65482508523177,10.4513751470851,11.9417134873055,8.62610925254072,10.8400663359144,2.83081764536575,2.2885866644359,4.34521541043914,3.63971845108186,7.70519329083192,5.64656506868503
"Poaf002k","Po","f",9.44301144155236,9.26372263770124,11.7641374343578,9.07540158090968,10.298622232939,2.70013839129049,2.32857524234615,3.6932007186946,3.20400242928212,7.72824811073419,5.30928042122022
"Poaf005k","Po","f",10.2487509563579,9.45284924909338,12.1826309888351,7.02448722413819,10.0597160513247,2.57599084682234,2.7822657136177,3.21148210040816,3.68821465356976,7.67614226247122,4.58268343735657
"Poaf017k","Po","f",9.02671640241706,10.0991849054053,12.5157469369977,10.2202999234015,10.4291512150038,3.30299820024289,2.6152313222985,4.29949579109333,3.41267779373183,8.3538300325062,4.36018476185571
"Poaf020k","Po","f",9.57339003324849,9.70858099550951,11.6710304868825,7.61595043398709,11.4374684735063,2.99873208615221,2.54295220147473,3.63918473207826,3.55894968445248,7.21737765674725,5.04968678957976
"Poaf023k","Po","f",9.32321814899191,9.79024066467471,11.1824523038332,9.24859707883788,10.2708347964838,3.27826932386891,2.58428143776888,4.5420513444318,3.84391556430107,7.42556428268084,4.75236732261519
"Poaf024k","Po","f",9.55767079392083,9.91756683853547,11.6736895732177,8.72032698956355,10.0931424467765,2.72193346255482,2.63532193737832,3.98325259551439,3.2450323451376,7.40143721366574,5.35063597623435
"Poaf034k","Po","f",9.47501173602767,9.46770098650469,12.5709311096699,7.64533512843342,9.06681805235203,3.47440649550802,2.50163526493958,3.52822520959274,3.35133336983791,6.92099022579735,4.69246181034808
"Poam004k","Po","m",9.89264276303409,11.3986534901797,12.5331121810694,10.4369534425081,13.4765844173735,3.84024038591526,2.90878169762316,5.21077788376424,3.56396664603689,9.24481015652266,5.90964500209456
"Poam009k","Po","m",9.89678763923942,12.6400923346205,12.5248863561259,13.2782691043255,13.3939343327182,3.64893840485535,2.93769894424734,4.62067100866799,3.555488904174,10.2380423885853,6.04098999545065
"Poam010k","Po","m",9.8504730509149,9.53870755020188,12.5157391663734,8.83284350412776,9.96975080796256,2.85311185943779,1.81859516247333,3.95269412749128,3.23895908835496,7.55718023831446,5.42939386735827
"Poam011k","Po","m",10.7977636417164,12.0015823448442,13.4635756189031,12.7265536945088,13.3814049887261,3.70476416698245,3.02415524285953,4.52046185622179,3.90584760791694,8.90462658887459,6.29785828822077
"Poam019k","Po","m",9.46127986894995,10.2281308959654,12.1898038992557,9.61601058848772,10.7058286826562,3.06130656473771,2.35085670110279,3.99701501306794,3.74162257146035,8.11146496918883,5.93263498600815
"Poam022k","Po","m",10.1856916159534,12.0232784097306,13.4035155821795,10.5293076495903,14.0778174785283,3.29496780561055,2.79624552941836,4.59432442923605,4.37460951713602,8.25402455146789,6.23718417288899
"Poam025k","Po","m",9.48506558285225,10.0374644660286,12.1921109313467,8.31244327915833,10.8412048461105,3.09262573757203,2.56377011948232,4.22849936220586,3.09309973100538,9.06192355833417,5.53298725214391
"Poam029k","Po","m",10.1265163462804,11.4269980591552,13.7358542837308,10.4142101565264,11.946130309979,4.07475912933334,3.23979382914918,4.15215933234309,3.91753290626536,8.41314665725702,5.31474517601956
"Poam030k","Po","m",9.99489963369999,11.8333647352629,12.9069961089249,10.3352164946371,12.2920249586783,4.12265255318396,3.17223833685943,4.25634045989766,3.14129163940393,9.21247304846511,6.49840823531828
"Poam031k","Po","m",9.91639321785299,12.2097128702911,12.8061730054133,12.0470029073406,13.4782898617977,3.8862907446804,2.58434778832734,4.3504089921514,3.38176275890274,9.63033238273237,5.68920121145733
"Poam032k","Po","m",11.1737631939208,12.0928911544927,13.3409883372623,10.6160882136349,13.1994463500524,3.67922181865499,3.09600154508493,4.61997791839072,3.98248514489079,9.46386445358923,6.04178385124365
"Popf009k","Po","f",8.37815221028876,9.38371200701916,11.0548641252517,7.11633243990065,10.1705554109254,2.86476500400122,2.05807208847111,3.4380329420934,3.23880503735751,5.94745471187261,4.32937397410585
"Popf010k","Po","f",9.60622114580292,10.5113303629882,12.31839047855,9.28686522726967,10.2091720339694,2.70736096371429,2.1731428486091,3.94854441923833,3.71906426398434,7.978967596783,4.97317878676566
"Popf011k","Po","f",9.73678421591793,10.287046824093,12.1518581603437,9.73760988645416,11.4804887095828,2.82754497135067,2.33168389387291,3.9077484338538,3.25381890018825,7.12216975749227,4.99528718702341
"Popf018k","Po","f",9.30273953919896,9.65039476924121,12.0400436867738,9.11303756104406,10.8941568230962,2.76316878610861,2.78285513922372,3.96408038037713,2.96489802658518,7.62808797398626,5.05009170243179
"Popf019k","Po","f",9.11305713659494,10.3213807008244,12.3767674302108,8.86060628417604,10.0875345451502,3.5474408175947,2.42326391059084,4.13217734101363,3.17485331870855,8.19392158927537,4.71095842645517
"Popf020k","Po","f",8.6711002741876,10.9333816379619,12.1261339507978,8.87957918088406,10.86283146771,2.86713192643234,2.10325971898659,3.76110030279136,3.14351438978618,7.07751230321657,5.76565052229409
"Popf022k","Po","f",8.77022260576433,9.47416688627436,12.5509401983537,9.12036272014852,9.9380899967445,2.34868066064513,2.18988885996283,3.69596065972735,3.07845981121366,7.67246515025556,5.45781097299489
"Popf023k","Po","f",9.29648681463248,9.71715760357743,12.0243270193558,8.81084647882176,10.5831494764077,3.25258365117079,1.88120827157827,3.81613394781498,2.99538433084671,7.89535598989112,4.88400093376127
"Popf028k","Po","f",9.15471291618625,10.3839181478334,12.0083668428216,7.82432027613988,10.5890474722207,2.79224874282533,2.23602804936081,3.64375903370106,3.55938647270104,7.73153202312594,4.77403191778355
"Popf030k","Po","f",8.8071476869936,10.160465426386,13.5504841613526,10.1190237195634,10.9418140903795,4.10718796571843,2.37839407443761,5.1124839120319,3.81297505850004,9.10400493804013,5.21347207270972
"Popf031k","Po","f",9.64713589294992,10.3498699113722,11.816778331104,9.5257128483703,11.0918669321906,3.3264980421832,2.36847428135448,4.53104499675184,3.34424288124833,8.33495493353071,5.20268395344378
"Popf039k","Po","f",9.13000087784826,9.97267477168052,11.8741505601179,9.72557952701447,10.1891002887366,2.85283786128212,2.16852979504187,4.2988280920555,3.27921603651407,7.53172807981582,5.15785369976423
"Popf040k","Po","f",9.06779137493314,9.76294089113479,11.8214072465747,8.15051410405759,10.3282254493333,3.37643547397759,1.82786733984647,4.4933342156104,3.53491305126008,6.94323717483448,5.43372771989918
"Popf042k","Po","f",8.79724995700652,9.97323134439495,11.2042767156342,9.02941247948959,9.99129469015916,3.22709415861268,1.92015383558755,4.12814189136382,3.46812853370901,7.83529326994052,5.19316184537826
"Popf051k","Po","f",9.03594049912704,10.3170130524567,12.4398490044522,9.25956838784747,11.3468347485207,3.30022785150139,2.30967787879256,4.01011547269786,3.29181890591372,8.00833449223469,6.07542523943495
"Popf054k","Po","f",8.4940747834149,8.9227563807906,11.5264168423223,8.82020549814541,10.6753023111162,2.64050511048977,2.13237879581452,3.75475076936845,3.45883667631079,7.2135729534366,4.73982503124017
"Popf055k","Po","f",10.2316474062611,8.88983529369258,11.2944558136704,9.16480382738792,10.7991430137739,2.71965254893445,2.1370924738298,3.95944435210784,3.25203814075833,7.13044482232483,4.90980733082698
"Popf077k","Po","f",8.71848964653782,9.1689870080073,11.0396977706264,8.57991436325288,10.1366151474531,3.05973896546395,2.56812948838594,3.90829713547802,3.42382466634142,7.37473319642777,4.47585612913862
"Popf080k","Po","f",9.3985926404975,10.0555337083958,11.9880338031568,8.42314573438671,9.51824555305124,2.90821032744976,1.99343830082815,3.60850867491681,3.42434301984499,7.24448801406018,4.54309758201526
"Popf083k","Po","f",9.06670450507703,9.33493680138389,11.5553532934998,8.871107198015,10.3997183029916,3.23784237183593,2.48748445587595,4.04798210142651,3.4372895506946,8.03405662257177,5.24366472096944
"Popf084k","Po","f",9.1599864078147,10.4599610361031,12.0880224894135,8.3976528662469,10.2185369712838,2.81489727553514,2.19316567730154,3.90373315358517,3.30979886977163,7.95706671446014,5.35962205442368
"Popm015k","Po","m",10.1093538611316,11.6302296611054,13.2389027864964,10.1257282168759,11.9032415947816,3.14470284667374,2.8400559334472,3.90496094467227,3.38994863505338,8.85532486863474,5.78292857072233
"Popm021k","Po","m",10.0357862481145,13.2109347477288,12.9719562085311,10.0659410028816,12.096588516523,3.39284545597154,2.35206469354686,4.05525479991536,3.21007199375558,8.82540206648248,5.80688014812212
"Popm025k","Po","m",9.91262929686704,12.5532704827624,13.0906587286743,10.7975019074398,13.8725512961854,4.27444163305552,2.91930762219197,4.26576736556531,3.92972404407265,9.67089621006383,6.44239334821872
"Popm029k","Po","m",11.0740794908573,12.1913183158459,13.7360725415723,12.8352889883458,12.7812714501191,3.63620754640449,3.13004461589437,3.95935488195365,3.85779633871767,9.99146278116861,6.0834822708025
"Popm041k","Po","m",9.76138619326481,10.8825372133964,12.2002053516832,10.7227735987618,12.5626306171489,3.72411074241898,2.4130367755042,4.05454614482406,3.57887627859339,9.31669235423794,6.21131976317168
"Popm045k","Po","m",9.19976474132911,12.3098973800582,13.4490445776456,10.8348128083068,12.3105240055118,3.02160396081363,2.41128318942077,4.31875049541299,3.48562274487848,8.88374987495497,6.49763351600451
"Popm046k","Po","m",10.1151062648742,13.8027786294702,13.1151688983878,10.8087473744379,12.1835911516775,3.58945085540917,2.65971023881847,3.83305059463866,3.50701500099552,8.93159939152097,5.57133389084634
"Popm048k","Po","m",10.3536577209119,13.8233528637239,13.1433239787393,11.1623960979725,12.4429721087116,3.30243488578128,2.78324126491605,4.21772871786159,3.46077752093797,8.33448249792894,6.38949000492694
"Popm049k","Po","m",9.21500008407515,11.2523987621584,14.5468072036642,10.2168366172213,11.1969686870354,3.35284674514836,2.39550211546729,3.69661078559461,3.08213867543941,8.58942207957017,5.47769907513858
"Popm053k","Po","m",10.8140438445324,12.2235089210767,13.1393151512047,11.7896291061713,13.2878992718462,3.88277181301329,2.39026309221203,4.52300207037956,4.04961602799303,9.18089525607874,6.02994660375433
"Popm057k","Po","m",9.34111879771828,11.8970218023667,12.5754418994446,10.8508800901961,12.3355509288642,3.77776733754279,2.20416722588052,4.25236431097963,3.59056160721042,8.92029942462237,5.53498313563126
"Popm062k","Po","m",9.90748573972237,11.3804768439288,13.6195347236211,9.75080852245921,12.07096471955,3.86834502171057,2.64535336425029,4.69395353585952,3.78478104137904,8.63731533582967,5.372867667948
"Popm066k","Po","m",10.1336141502194,12.4990388635867,14.9151522152687,13.4436358042043,12.6278671540658,4.40839726866688,2.41783580619932,4.81013395475816,3.96749539911804,10.8145155135963,6.3262185705849
"Popm081k","Po","m",9.73536540312805,9.85703800814835,12.2432563690949,9.19203917747622,10.3533137962904,3.15089944213055,1.91691995553984,4.13511500063773,3.2886375192292,7.44420885345772,5.39409558940314
"Popm082k","Po","m",9.70792373874784,10.9654542846218,12.9428483034731,9.48735352238318,11.5140420902921,3.15887513760534,2.25081933027166,4.68995214911614,3.55866351812106,7.82196022532932,5.39916603590063
"Popm086k","Po","m",9.69937247475828,10.8850000994853,13.6829675407128,11.4478046791197,12.3399823050883,4.08842230811395,2.55700864172053,4.75779380947513,3.69187297172435,8.45872395273691,5.60153142610483
"Popm087k","Po","m",9.41270163813619,11.0714086693449,13.1046215925032,9.97641394030918,13.2262559971257,3.5609918259846,2.34793017814583,4.61591115751735,3.80955536814397,7.88535428034875,4.62135382983849
"Ppnf005k","Pp","f",9.07853981305119,9.99429607269953,13.5241581972012,7.2091059153414,9.85657604769161,2.61077839166832,2.0687065620778,3.26912015073169,3.43754106823089,5.94073282963127,4.36813565836246
"Ppnf007k","Pp","f",8.53105612004128,9.72108424416094,11.6069230776892,7.11559677410185,8.21858695290903,2.123147661395,1.89277265017425,2.71989846350758,3.34784873877749,6.21609533198047,4.59661431555933
"Ppnf011k","Pp","f",9.08287334555778,9.50017354765846,12.9524323841666,6.80589099645498,8.72778577058819,2.33643180410499,2.30553573766673,3.0970844418039,3.48439181798666,5.28212102214367,4.0231102317141
"Ppnf012k","Pp","f",8.73627518008814,8.93750448674424,13.7869887084724,7.49264277876586,10.4165564149386,2.45509476822875,1.91485363248723,2.93938291063382,3.60866014897464,5.86852413030104,4.57707491713801
"Ppnf015k","Pp","f",8.33107398364056,9.12830257805899,12.5739107305944,6.86706273299559,9.29445473978707,2.19080386224347,2.24800329954407,3.05696635282248,3.22716216820187,5.70535480770756,4.27574586746846
"Ppnf017k","Pp","f",9.14090882203762,8.90948364847275,11.2982927369046,7.8720537931758,9.22396165957187,2.31745657356059,1.89356880327431,3.1713568286898,3.20604976301994,5.38931543793688,4.28700446877502
"Ppnf018k","Pp","f",8.16091361318862,8.6902559348794,11.6272662438385,7.93245477803379,8.40423451356207,2.52840757732575,2.08823182119328,3.55164615275158,3.0652118183567,5.81080363280426,4.06565522110343
"Ppnf019k","Pp","f",8.97277262390413,9.69875172277115,12.3535635464468,8.12573336128062,9.10103742447809,2.65193854517591,2.29145682110788,3.14331610987348,3.50185588205554,5.39348040210193,4.63158109166582
"Ppnf033k","Pp","f",8.11167970043707,8.6562626462695,12.229045621533,6.64281832158237,8.89400241420785,2.55448945946911,2.34376237052414,3.18081521015218,2.98115991268283,5.30800972191293,4.17627786219319
"Ppnf034k","Pp","f",8.95733527654533,8.67972970010477,11.7305976218016,7.95221405795887,8.66664087746075,2.36397611179156,1.86630593804422,3.11294324283329,3.25954249213036,6.29005884022323,4.047033176281
"Ppnf035k","Pp","f",8.31705132215244,8.56295107358167,12.2915900032464,8.4423616098126,9.33999854489196,2.34191032862591,2.00122608819829,2.94480468804752,3.55610041911254,6.34857009234558,4.52594359865965
"Ppnf036k","Pp","f",9.04497526144608,9.13660461052386,12.6980344120512,7.51638070924288,9.21751681071972,2.44867854460613,1.85109217234773,3.19242136722226,3.4716872833243,5.90345233936633,4.08407804787822
"Ppnf038k","Pp","f",8.61517230414464,9.04239811384325,11.6800227584965,7.59918862692718,8.78953407544649,2.13894277904673,2.11123218466961,3.02917871789156,3.24795080898609,5.45777194932228,4.10583073414104
"Ppnf040k","Pp","f",8.49240895242621,8.75701663034098,12.2290618055618,6.95948276655432,8.84197597746399,2.15737217528263,1.79971613603984,3.33332749265268,3.44977661521085,5.63062499725092,4.20607906688916
"Ppnf044k","Pp","f",8.07084708423305,8.68949213238072,11.751407315921,8.36242495331661,9.00293952183384,2.50463936556356,1.73725931658138,2.99104453088208,3.33344708128808,5.81158452079485,4.22665336253199
"Ppnf054k","Pp","f",8.38947206323893,9.34616585292208,12.4962126937874,6.89038266813713,9.13482637603616,2.37545491988851,2.26067824761381,3.10068906086834,3.1722845464769,5.6895800198054,4.39898029283272
"Ppnf056k","Pp","f",8.58517811512709,9.37051103804592,12.9084797163241,7.38017286670007,9.69387315570286,2.14272484373113,2.09896768838825,3.21310830593516,3.31431351158522,5.24574910839549,4.25150121959821
"Ppnf057k","Pp","f",8.93727875146098,8.59240330145074,13.0064050989428,7.74848399288955,9.68496297758507,2.30918118824952,1.89823098724978,3.02811741900429,3.36472196754866,6.13821348017914,4.00653119730174
"Ppnf061k","Pp","f",8.17350849444199,8.9779476628522,13.0277382817434,8.39090273126087,9.29105826508964,2.60409903571023,2.27422533430045,3.12691678897835,3.15429227015493,6.09113381904968,4.6869498483513
"Ppnf062k","Pp","f",8.39143646047091,8.29753627733793,11.8929612848415,7.14855880098762,8.69368072584198,2.12919632475517,2.09467390796745,2.88085063981206,3.19160711321005,5.72290624380172,3.76755803531919
"Ppnf064k","Pp","f",8.49862462387519,8.90958215109228,11.4312978240916,8.34944123487109,9.01613022730991,2.13375063094025,2.22978004417515,2.95917992819565,3.44327372151978,6.16112047460165,4.34835127798863
"Ppnf065k","Pp","f",9.12637225688134,9.27591376733029,12.1212610554649,7.22281577932952,9.56451165888067,2.35021109843494,2.10148033182303,2.874961525809,3.28046195578443,5.76014183091635,4.34355251440455
"Ppnf071k","Pp","f",8.77137402092848,8.2008307879657,13.1503382771589,7.40330801650366,8.74638965707026,2.0576887645773,1.94906249764544,3.10909654504888,3.47067544827825,5.36353379258743,4.15386085664955
"Ppnf074k","Pp","f",8.48230140456814,8.71454306332311,11.7546237198014,8.01149677671022,9.43485361770044,2.28422396060583,1.93936684774712,3.36348268669048,3.33655626559631,5.4500261279748,4.17315761292672
"Ppnm008k","Pp","m",8.4154854023014,9.26247334099333,12.8182496124019,7.38560109845982,8.93051079410663,2.34468814879885,2.10386749977842,2.7928793849682,3.15624182383117,5.83516151770901,4.136293431699
"Ppnm009k","Pp","m",8.03974132737996,9.5794019657291,12.1579367284016,8.2586988850861,10.2949184586159,2.41316709739833,2.27256102833798,2.94123322720006,3.26595059950278,6.32114937791673,4.17222511431081
"Ppnm013k","Pp","m",8.5022489169331,8.67339629965331,13.279198526365,7.60179155982819,9.80759169723389,2.78045909552346,2.0886313347243,3.38143406223784,3.57215713530826,5.91931866496082,3.54090608160475
"Ppnm014k","Pp","m",8.25687981335522,9.26360573157631,12.5085801596021,7.98253865961632,8.97784382049892,2.75166356380928,1.99235515064639,2.93987526344608,3.12496849842554,5.67751775703822,3.82668769469829
"Ppnm016k","Pp","m",9.13735478790749,9.6633398273304,12.3719230286551,8.02977217068534,9.1796667142427,2.30278630294821,1.82662786567033,3.09846949272275,3.32551372990197,5.67993024262983,3.9489970346382
"Ppnm020k","Pp","m",8.56847053657763,10.483820946161,11.6256771328046,8.95685745356418,9.51790899297811,2.52852398650253,2.05320476672448,3.08418184106775,3.57067208780362,6.30695994844648,4.29386801930795
"Ppnm021k","Pp","m",8.06442789372647,8.64374093462155,11.6214175641227,8.30460877538641,7.99204163534687,2.46615405475288,1.96628166516955,3.00747607571176,2.84240608675658,5.49657043179086,4.09941193631554
"Ppnm032k","Pp","m",8.63334215473493,9.19636846884569,12.1297502210144,7.21960648411867,9.21730339967853,2.44296806634529,1.9553684025203,2.98587698943214,3.43141370106647,5.71351512177335,3.98812387111292
"Ppnm037k","Pp","m",9.31217962967209,8.79334732277597,11.7529662011462,7.09758365707276,9.96863160401603,2.36471661826455,2.20735167282592,3.165002502006,3.26054175269424,6.28298762071241,4.10014998781489
"Ppnm039k","Pp","m",8.75203034227028,9.09669366860447,12.682160537526,7.82254848217489,9.25960496707577,2.49672060097833,1.93892184959967,3.40772155201408,3.26179201867356,5.37235690981151,3.98891125550699
"Ppnm041k","Pp","m",7.8530425616094,8.49345360051001,12.0537208683447,8.08369439759018,8.72950007760972,2.65419877921668,2.13759056772049,3.25434707992642,3.29408014856721,5.42404231547886,4.10227336173794
"Ppnm042k","Pp","m",8.71524683816708,8.66721939463489,12.9344390557119,7.56360170410877,9.26750445732104,2.60143943105858,2.13758017222305,3.14274370338157,3.07728641685394,5.81078061059607,4.62728956655604
"Ppnm043k","Pp","m",8.61436628944353,9.44559922198468,11.7320872285349,7.33763046419908,9.73055786827259,2.41535254413351,2.14739122073884,3.26877901100044,3.52405218496904,6.27202007097043,4.12445866533821
"Ppnm053k","Pp","m",9.10752672422278,8.79971922237187,11.5471722171778,7.67747011994858,8.52064273640035,2.7577700393037,1.59965099252857,3.27446916847313,3.35697422601284,5.44947033225226,4.18046381838646
"Ppnm058k","Pp","m",8.47875019371262,8.85036375377089,11.6542069540472,8.11302651166078,9.08859553974746,2.43095775008402,1.88135014309775,2.96419689791815,3.26411439312416,5.97094506820183,4.17533110271926
"Ppnm059k","Pp","m",8.79623979934743,8.50738928755697,11.4868099388264,7.66059364245318,9.53284985550945,2.07952046719417,1.90681719123134,2.942139107206,3.34137002833493,6.35158890114208,4.06859216332072
"Ppnm066k","Pp","m",8.57813565922982,9.75390470315772,13.054355184612,8.4092753063293,10.8161009468952,2.45956755313711,2.31612247848537,3.2400590014483,3.06599402886287,6.26409067374309,4.12816250818114
"Ppnm072k","Pp","m",8.8710698388774,8.85053963653458,11.8002723528283,7.01020852180324,8.72212276171984,2.45897065026444,2.21036659614432,3.03347509287073,3.1358054552337,5.08888410760916,3.49765711907789
"Ppnm073k","Pp","m",8.8240303569174,8.94333007031586,12.794255774145,7.21232366265487,9.7773878715642,2.46653169723702,2.06040535294844,3.28747350298731,3.41241578365904,5.49771900946132,4.20600280244589
"Ppnm076k","Pp","m",9.20034934495361,9.32591404493179,12.7100989510743,8.05429658278223,9.45882854323254,2.3714577440743,2.2067715883238,2.99679639410354,3.36009637141475,6.05866769002381,4.12772415703726
"Ppnm077k","Pp","m",9.08183989531544,9.41986727570741,12.7196996453198,7.44262952177021,9.42223256219688,2.3171582598859,1.99928668628004,2.94878727378191,3.1932464708242,6.8829887526372,4.62308101408752
"Ppnu067k","Pp","u",8.49212239913941,8.72107998317802,11.6067190928034,6.98980552882294,8.74394172553983,2.40872238648203,1.94025669857378,3.21585238593912,3.11347739761426,6.1728125489668,4.21334898944305
"Ppnu068k","Pp","u",8.20223423563444,8.81294477637143,11.0915835241881,8.22868856815855,8.60535448192981,2.38057922284057,1.98137412957777,2.86522587165036,2.98055095905113,6.01594366241996,3.92377861964242
"Ppnu069k","Pp","u",8.72967275321342,8.56773918160233,12.5683764724372,7.61088953513776,9.56505847808791,2.10934701777226,2.11411232774679,2.90143038026074,3.28061953658418,5.95066818931644,3.73153359200581
"Ptsf017k","Pt","f",8.46243757631254,9.91506794972847,13.0909094044061,8.95734921936088,10.4184052547143,2.89600501032775,2.48798254785448,3.338248283245,3.57004899210239,7.40964187763191,5.43038828803952
"Ptsf026k","Pt","f",8.34158580598706,9.08378663666693,12.6442774973264,8.19851195278645,10.1868078766286,2.79715935601342,2.55336722156231,3.39179289806824,3.36195013611157,6.80634400535779,4.83026623390098
"Ptsf027k","Pt","f",7.87895520289509,9.19717567236634,12.7806031678567,7.37403596068654,9.46024886198178,2.6833732989326,2.24840838286387,3.05235027438905,3.25566864979973,6.5462483878761,4.68409021611904
"Ptsm001k","Pt","m",8.45123152431632,10.5850265749577,12.7803759688321,9.10916285612644,12.0072666088071,2.90813019764504,2.29856292212464,3.67244557540528,3.57284506180187,8.2521071801035,4.88711754550586
"Ptsm004k","Pt","m",8.46429766995916,9.44269564820087,14.0722143421279,9.05894768043717,10.9244655417792,2.80139427016557,2.68895138822141,3.2989807285536,3.38422261824323,7.710439128151,4.86346463278999
"Ptsm005k","Pt","m",8.61781387305297,10.9415629846033,13.4376477406944,10.0698601176716,11.4149266659288,3.31220266382091,3.21341300513594,3.62485351915913,3.59285004530908,8.84262362412704,5.50168359733745
"Ptsm014k","Pt","m",8.44510039346623,10.6718782471073,13.9751840563702,7.59094756494668,9.92556905212438,2.71567640823309,2.73307046490448,3.2649962186026,3.68845256116714,6.82599816767188,4.98986002610745
"Ptsm016k","Pt","m",9.13948255557855,9.30877409427825,12.7144709162922,8.12691467682017,10.7901374942569,2.73715398168171,2.10012132856805,3.15287896235236,3.53080138661935,7.21488334006868,4.82607939818898
"Ptsm018k","Pt","m",9.11781575927356,10.160625790673,13.8810349050098,8.10951748614291,11.0765791404213,3.11572801977802,2.54558085205019,3.41495055161585,4.05268628274004,7.19548843367986,4.42666135746825
"Ptsm019k","Pt","m",9.17202783777282,11.0904004370546,12.4960253215861,9.71082773866047,10.9130725086855,2.47453700244602,2.82666230322556,3.5929145104454,3.3855050047228,7.54939167042603,4.9896610702717
"Ptsm031k","Pt","m",9.37370141423588,11.1342170319242,13.8205277833323,9.52815526996013,10.9040814819973,3.44813481878774,2.48954070053136,3.65028375465832,3.89048697480755,8.19520900667322,5.21034336829488
"Pttf007k","Pt","f",8.36253829481009,9.11412152481879,12.5873705858048,7.67723192695331,8.93614078111542,2.17124599921928,2.75765302523864,3.66725973993532,3.25805648657572,6.07397448503988,4.10016784338076
"Pttf009k","Pt","f",8.73904600306329,9.95340230124448,13.8678419324801,7.76748187266266,10.4022049936256,2.69029057606332,2.63399765577947,3.287284267316,3.06389092108477,7.2843847649874,5.25326587154569
"Pttf010k","Pt","f",8.64743028658274,10.5988169272733,13.2719905928928,7.85258735806594,10.5274693345697,2.34656993142411,2.30231044443043,3.95759847358519,3.32782864882842,7.05008118883367,4.66059321733076
"Pttf011k","Pt","f",8.69479882277073,10.0285742083149,14.1545907829911,9.46101265790002,11.0185643775237,2.75735024238885,2.39251766128397,3.81276868118289,3.55980717395445,7.96588932777831,5.12193930254016
"Pttf014k","Pt","f",8.79430934123217,9.81627409695186,12.4447296317163,8.43725065321732,10.8877597217017,2.61446642018642,2.75760624530147,3.86172870102538,4.10320609755544,6.89446810276119,5.19930707075448
"Pttf015k","Pt","f",7.84149033670519,10.448830976605,12.1649418683947,9.20147737214652,10.2374656741303,2.44822039013461,2.22612561630183,3.75002448897174,3.38229918021203,6.57953471745239,4.89683022404097
"Pttf040k","Pt","f",9.19040540603922,9.03118329383726,12.7461369860922,8.76017839996353,9.56188830227482,2.75154327586223,2.7083333143726,3.88926429114023,3.41227581079075,7.52784310649974,4.76593059856083
"Pttf041k","Pt","f",8.37863852549986,9.63093295383493,13.4298639855092,8.67070805963079,10.5524080136593,2.29509214550078,2.66304782133999,3.31759719489823,3.09285509313292,7.03796550382867,4.90980900285044
"Pttf043k","Pt","f",9.31117986023984,9.64135624242626,12.7156044996981,8.50199942556553,10.4669123217905,2.4062546827914,2.51461232142634,3.5441042099428,3.54889231748259,6.78315321993609,5.75175042206026
"Pttf045k","Pt","f",8.94635577599857,10.1193613934066,13.6103882999034,7.96575530318631,10.1401326524296,2.84730279057724,2.46755691114108,3.5530894192812,4.03725558191029,6.98748107362389,4.99168032953223
"Pttf046k","Pt","f",8.82630615419524,9.70898854092705,13.7606395503995,9.19610563685106,10.5694947369169,2.79070702240372,2.70529305560549,3.34156934466297,3.3710466761475,7.68269041050402,5.34915903254242
"Pttf047k","Pt","f",8.45029057186842,9.89540064962434,13.1847842029719,7.45011113632615,10.3563175089788,2.3948418723955,2.60685867038285,2.61439956951428,3.34225356138578,7.16809621223574,5.10606948380304
"Pttf048k","Pt","f",8.34136769022722,9.78354433209819,12.9998239784593,7.83037023015437,10.2996042085956,2.54237724216644,2.68817033248451,3.63050557431901,3.76295484843099,8.06530380056025,4.92006655704054
"Pttf049k","Pt","f",9.40931805290974,10.2003162679763,13.9132120296407,8.56246173656236,10.2723247520504,2.63935742280804,2.50545712460356,3.14364474825787,3.5731538210616,7.62476488776419,5.62274389889247
"Pttf050k","Pt","f",9.36156195311345,9.16606147442067,13.5775461424098,8.41622730645995,10.743296612846,2.64018985823347,2.54683735571121,3.20460793150439,3.35271540253579,7.07821335847148,5.57865151971133
"Pttf051k","Pt","f",9.47827851907743,9.89607610712861,12.8214957477359,9.04272367099477,10.8179104920346,3.2024411386727,2.86271903193354,3.72106454332813,3.27686817828395,6.89613613422161,5.3861208310213
"Pttf052k","Pt","f",8.78973824883389,10.4614491322957,14.4000498903408,7.1848285890821,10.5067525166236,2.47957238354691,2.42383443113882,3.69277369543895,3.59424788403754,7.14759409586763,4.93680053068831
"Pttf053k","Pt","f",7.69286881980952,9.06921983711984,12.9887068205536,7.4714864898475,8.85641252960546,2.61410169864587,2.22187219783827,3.3767286620962,3.21036338675821,6.07893676680626,4.96555874692503
"Pttf054k","Pt","f",8.80220267951298,10.1406199275337,13.0808216135991,8.48567509716212,10.0309572559812,2.63434438339209,2.31399568697221,3.25057992699143,3.38364650289848,6.57924176499408,5.19621251328553
"Pttf055k","Pt","f",8.21000727316302,10.7051710930655,13.4369234536401,8.65711529008589,10.0422327403987,2.51929464462978,2.92085879935837,3.39724743710078,3.41050060056092,7.67223783145173,4.96867972995583
"Pttf056k","Pt","f",8.23446270768655,10.1531692343203,13.3282920608104,8.71448707207908,10.0053431603723,2.66605312995991,2.35928527361043,3.74115181965663,3.87624177849702,7.85175497475469,4.56217098767623
"Pttf057k","Pt","f",9.11414051081509,9.1897858615777,13.3209722938867,8.82756117824163,11.0140011792534,2.7746483720903,2.39535726976558,4.08251060002366,3.68062350609941,7.23909249703733,5.06871271569215
"Pttf058k","Pt","f",8.56329839953736,9.34894664089758,13.1732356301791,8.10720188256513,10.2217268029217,2.3022118921096,1.97596397942785,3.11065367061076,3.21721330498958,7.19186745019089,5.55632430598133
"Pttf071k","Pt","f",8.38952699549689,9.89144954833564,14.1553582008957,10.0950445916903,12.3327519473272,3.37628090003791,2.90252298806197,3.39843332638688,3.51827460994765,8.60705662585879,5.84292724154675
"Pttf076k","Pt","f",8.08583671175513,9.2148444496192,12.5022919705231,7.92684270118611,9.0650036893861,2.20587661592196,2.09650801595973,3.23879670569134,3.25648890701922,6.40533410763618,4.41829094232213
"Pttf077k","Pt","f",9.18519949569922,9.37745000312177,12.6060327594159,8.08890559944348,10.2975098076438,2.86095276137914,2.58909800495518,3.54877335870352,3.72754081278542,7.16199255593864,5.35542331181436
"Pttf080k","Pt","f",8.53413187469307,9.04937594232607,12.4733563009132,9.18210492747742,10.2688152042555,2.4694949593835,2.41677630223048,3.32955998991199,3.19366448973301,7.69546805207998,4.60705705041639
"Pttf083k","Pt","f",8.06235289154119,9.42477739046494,13.2515562468336,8.57247146447046,10.5181080109937,2.71885532203591,2.31424350104894,3.39012923229599,2.95003126641759,6.64968218538828,4.37336484043126
"Pttf084k","Pt","f",9.53508450714878,10.0679950035918,12.8098132755038,8.01125847728706,10.797386330411,2.90640481207021,2.81005198444965,3.33937928029437,3.58987657477584,6.57483688467879,5.12197001742514
"Pttf087k","Pt","f",10.0186236844209,10.5899797080164,14.5135941747264,7.90857618844361,10.2071044152845,3.00755336661278,2.53021499919231,3.44507639993237,3.85402239429859,6.73863034897985,5.0508050257161
"Pttf088k","Pt","f",9.16652904072368,8.96776697582635,13.2358010853489,8.45317211506601,9.65604638628035,2.85581852161061,2.48587507142009,3.07150389303911,3.28072150269976,7.24549917589204,5.39938204511931
"Pttf090k","Pt","f",8.63026369531763,9.80839469649877,13.3990620947807,7.70945619708449,10.688145359232,2.88788803789412,2.0272164343976,3.40574862162072,3.49640494240448,7.03148637925732,5.10202554030766
"Pttf091k","Pt","f",9.22779120227928,9.25802350558213,12.8392085981527,6.79558944552605,9.47791481422728,2.24002260795772,2.51271298383911,3.36173559336388,3.21185071135989,6.85562076796825,5.54708347787287
"Pttf092k","Pt","f",10.0769614933769,9.54923252662357,14.7424194461221,8.41936996641873,11.1334927699922,2.55134777743904,2.0043492183502,3.41310182127357,4.00221231190523,6.83734959633427,4.7645565590278
"Pttf102k","Pt","f",8.00549871687204,8.94812383351991,11.7662732914569,7.91506019737457,10.5646283657585,2.58433265899604,2.63236707736331,3.61520957430598,3.54769146633219,6.78016985394025,5.35537982992989
"Pttf107k","Pt","f",10.2249816834679,9.69535371430877,12.8759523660067,7.97483000351414,10.4797331867634,2.97016237750989,2.65882023490521,3.99278869799912,3.63150054483644,7.2402446216988,4.9252090232007
"Pttf108k","Pt","f",8.34886672602015,9.55824930796102,12.6747392513289,8.28874476581275,10.273897427529,2.65109404942214,2.06656253694198,3.11080353150166,3.42631984842945,6.8856988740215,4.90329100139318
"Pttf109k","Pt","f",8.74888583970041,9.72477691308745,12.7623827314298,7.73241405896846,9.55317165271861,2.94737890296358,2.56953421844881,3.36772706463542,3.37136032800147,6.38391687250562,4.58980173221694
"Pttf110k","Pt","f",8.9382486651832,10.7152704220158,12.9939340312874,9.25608914485234,9.7026639186793,2.78021394950412,2.86943562699567,3.09122840254717,3.31670262163951,7.24487912367184,4.95649467872825
"Pttf114k","Pt","f",8.36224801421195,10.0571067267448,13.0696360518552,8.65732783492168,10.2434725233747,2.72901581801294,3.17387752400771,3.66135528993448,3.57426159168367,7.49872744367141,5.03082591339138
"Pttf115k","Pt","f",9.14938567027613,10.2627838009381,14.8760883131949,8.67280730750323,9.01690553731218,2.88877231937627,2.52054754412803,3.73820583545565,3.45977426842796,6.87803610411397,5.0048133975556
"Pttf116k","Pt","f",8.63646888094979,9.44472728422527,12.7054442897015,9.6917425735303,10.3206568020746,3.03111844426515,2.25931336711106,3.34155235127032,3.47688165525851,7.63090931746459,5.2619902214636
"Pttf117k","Pt","f",9.72313830727075,9.63675991578235,12.9950367707494,8.61075374044725,10.2181045315087,2.58659365280173,2.54958075841703,3.68186637890656,3.69308730016816,6.96694720642573,5.37065298421643
"Pttf118k","Pt","f",8.31534560960137,9.37831740057397,12.219178740086,7.7915936755949,10.3406595213316,2.96537723449744,2.24133478568482,3.25255714969656,3.22313379155879,7.31350142738999,4.35448933786477
"Pttf134k","Pt","f",8.72621597939451,10.6198223524135,13.4227344570182,8.52685104814964,11.6693187499826,2.96897105431258,2.92854561133937,3.72679892640948,3.42631586004193,6.84721907096873,5.96527963466883
"Pttf137k","Pt","f",8.29873029827433,10.2675905632905,11.8593361108082,8.52690071501172,10.4792751226363,2.39860814985744,2.10014988092331,3.69116880445445,3.54808773133164,7.85124135428036,4.7143829885533
"Pttf139k","Pt","f",9.23138144559265,8.99224034263512,12.939215631425,7.29815135076196,9.17841319401914,2.16414633900762,2.1263082922793,3.35761343055341,3.09453078920141,6.54679084450304,4.57813495187445
"Pttf142k","Pt","f",8.54017502792155,9.55314659403341,12.7745553577362,7.58845110967163,10.5309691100044,2.53317753980592,2.02582229135182,3.64245090610699,3.5380146742945,6.85718789705528,4.93746148367093
"Pttf145k","Pt","f",9.38509070602457,9.67839371746549,13.4607586752007,9.45377478687336,10.4130188323205,2.88056264434772,2.79082985199506,3.43610423903113,3.39375642420632,7.36589221799788,4.58474035485745
"Pttf147k","Pt","f",8.87891120069602,10.5281404162814,12.3218156667069,7.97056724004866,10.7460060220482,3.01360854025943,2.65609138231415,3.53268394601978,3.50368902297716,7.33981416378894,5.24969597825121
"Pttf148k","Pt","f",9.21863041533411,9.59325073513302,13.1511860179822,7.4140707895243,10.9944523155118,2.66231387075526,2.5693314064041,3.27918830773726,3.77260542537566,6.83207365329818,4.94703910018108
"Pttm001k","Pt","m",7.80943551294296,10.8370695198389,13.414129113352,8.46284921553372,11.7283346178097,2.90922930938449,2.68882978894941,3.25630708264584,3.48169131037388,7.56127776704425,5.32208201111699
"Pttm004k","Pt","m",9.21458883504569,10.5831592696422,13.1237878314229,9.23130964911453,10.7743608534663,2.81379361692169,2.75848763325916,3.68363503702654,4.08171016332944,8.27072170394562,4.7276026914288
"Pttm006k","Pt","m",8.78584280342502,10.7249003526516,13.990634326626,8.44112211789075,10.9412649686264,2.72360801361756,2.63015567870897,3.07691788843017,3.4610731415434,7.84907198696648,5.16913342090714
"Pttm008k","Pt","m",8.15309585896999,10.0016082699964,12.9045246437231,9.22557404415332,11.3449195614413,2.74151073571638,3.09819815290651,3.15294482950722,3.38489131353665,8.76090600534738,5.12442902386954
"Pttm012k","Pt","m",8.79289473391481,12.1792342068226,13.9913710562654,10.4196830041698,11.8691801263372,2.84040542852289,2.8848725594933,3.84247621418752,3.22478284640096,8.27918882000928,5.53889486126515
"Pttm013k","Pt","m",8.7656759168238,10.571191347788,12.398279664627,9.24617803849114,12.0243374377957,3.35227925916353,3.01639034338988,3.26498287424036,3.56217538737475,8.24619522552603,4.44199828299788
"Pttm016k","Pt","m",8.62439551767213,11.0256457477625,14.012516708103,8.84030735100625,11.5875230396849,2.69563952380581,3.00643566141724,3.22686050019131,3.86928376905724,7.17382298735537,5.41241246894483
"Pttm017k","Pt","m",9.24187060933352,10.2242862135305,13.4592979045021,9.021069747994,10.9869878447549,2.41968776516274,2.94069401453988,3.61611515006882,3.79898940576255,7.02462074964592,4.70169209724557
"Pttm019k","Pt","m",8.57465924379116,10.7454002648705,13.0477588328923,9.28108883427035,10.2744757252626,2.2423676369143,2.69003150890099,3.52813420796503,3.43163098952225,7.73268198212979,5.48776211341595
"Pttm024k","Pt","m",8.50451241617717,9.85994581240279,13.2152817579473,8.91667014413702,10.0361588336582,2.58799518337105,2.56577832943192,3.13654004987553,3.715137751485,7.49618659775805,4.40379258723351
"Pttm027k","Pt","m",9.63848210658211,10.1786762352912,12.364462081468,8.51326070258462,10.6693791971662,2.47339398158975,2.26327668973131,3.21997916218502,3.61411438851117,6.5210933576243,4.85048542028008
"Pttm044k","Pt","m",9.13650182680534,10.4293940562616,13.9939634145744,8.52736016087102,10.0171791495511,3.16559220007304,2.4144886997223,3.43868275841923,3.50933842886243,7.43374101823378,5.17416309741984
"Pttm078k","Pt","m",9.05809748583426,10.2590981386217,14.405494059942,9.61502510973069,11.1834640748868,2.84932292297624,2.92969347538764,3.6126049937386,3.3677408947699,8.07079544103897,5.47796205246733
"Pttm082k","Pt","m",9.70131682899449,10.4354963035689,13.1153349693531,7.37339386073279,10.8700671325506,3.0846890267803,2.66078540314165,3.18251439344805,3.66294635202654,7.1428741375736,5.02691763411627
"Pttm086k","Pt","m",8.04611734882124,10.9009093312807,12.6974911579533,9.21944885369266,11.3100431984653,2.79347330728292,2.80881562033357,3.89226295086772,3.44908979646308,7.50877496231955,5.30592572515853
"Pttm089k","Pt","m",8.96268804258483,9.87921638825144,13.5302153142983,8.68349074345525,10.8077446625822,3.05594627422922,2.72600089791772,3.36047042947359,3.63464054422128,7.44473118182842,4.62826852445253
"Pttm119k","Pt","m",9.12667887548474,10.2584989452152,14.4243591763302,8.56793135205568,12.4758282730808,2.94470702399039,2.66285389695452,3.57044273919492,3.80202209715372,7.41062706082285,5.43487595808095
"Pttm120k","Pt","m",9.44401151762529,10.3116066408741,14.114149997991,8.65683962832277,11.0212347619508,3.13539098367806,2.88683812795569,3.50909074773603,3.50508728486972,7.51820493086919,5.20769536880149
"Pttm121k","Pt","m",8.6393373911106,9.33735431314028,14.1714790606669,7.56274168022819,11.2381096408613,2.82570858706196,2.47963103800342,3.12872673837261,3.45732752080027,7.31849165670781,4.47483234402034
"Pttm122k","Pt","m",8.60287098681124,10.7653603136702,12.6259713981331,8.40800421286021,10.7903898168699,2.65377155091523,2.59691061205497,3.15165151225251,3.5892433333885,6.76072289126767,4.3966639077485
"Pttm123k","Pt","m",8.97989313253481,9.95761317256473,13.5399208441926,8.9840809659526,10.7089176055356,2.54569145328134,2.35288764032296,2.97482897568818,3.45971633484958,6.93213817556363,5.13194969177876
"Pttm124k","Pt","m",8.57323670160448,10.1539273369802,13.3446833621289,9.14946780118424,12.7732129018326,3.3335407377071,2.86855833846457,3.47611942515617,3.98334807924095,7.62196266249692,5.06849409184628
"Pttm125k","Pt","m",8.76299732136755,10.0690144986101,13.7801470825064,9.04461858309165,11.1482989002204,3.16028122935112,2.7495754160591,3.54917433671468,3.49042894349958,8.34590485366955,5.549183206281
"Pttm126k","Pt","m",9.22894438248305,11.0045089628997,15.0701363862728,11.9004810115364,12.2598622979159,3.32556326571944,2.88585609053203,3.54048895344944,3.48641352208239,8.83782114858225,5.76915084195598
"Pttm127k","Pt","m",9.3608747426812,10.2571770748877,15.1405079885563,8.95137441728889,10.8862694916662,2.97987693057632,2.60333692650594,3.53524331890261,3.39538801605055,8.05428564693163,4.6681458215042
"Pttm128k","Pt","m",9.35090838711359,10.5855421103328,14.105414105526,9.02634798281568,10.8926242806523,3.0520621417769,3.09207382071084,3.24808953687326,3.18504744622689,7.6167905882309,4.575316228427
"Pttm133k","Pt","m",9.68773922605358,9.88479063134932,14.1320105397921,8.92022960401562,11.522206509042,2.86468411837969,2.76817449596128,3.52280604388318,3.35025088462244,7.79271121995448,5.30188117888552
"Pttm141k","Pt","m",9.47705934498177,10.0044290694914,13.4825142618338,8.61383098290119,11.1384628071413,2.35414464055036,2.66840578634374,3.70068776111678,3.76518208288004,7.64761614030608,4.80877610709942
"Pttm146k","Pt","m",8.47869210336689,10.7469242820067,13.2697556811032,8.29209514717812,10.9075075708179,3.42572723943883,2.64436481877096,3.69768057270702,3.57320139342751,7.03919164265052,5.14422098351774
"Ptvf009k","Pt","f",8.98473728962757,9.39682997645214,13.5689142424527,8.16149777293977,10.021054984332,2.66014621442515,2.77222232661541,3.39343077373702,3.38958703416691,7.45399670155,4.68660636788484
"Ptvf010k","Pt","f",9.06734441374022,10.5687585110791,13.2898734807507,7.69731679461555,9.55642308646394,2.92274953381048,2.72945053192997,3.47314685393069,3.4868817084753,6.84127641436484,4.49990280169559
"Ptvf011k","Pt","f",8.38882900643751,10.4449905878886,12.8071753520443,8.71263042843114,9.98586502081491,2.9955236984556,2.05256769807453,3.33287765528412,3.33328619626382,6.51343821387145,4.84912551079676
"Ptvf012k","Pt","f",7.79506457545278,9.48572012733199,13.1131463275473,7.16631861331322,10.1002996331149,2.47275649049285,2.42464975019565,3.20494145630454,3.3242977232244,6.42639080668528,4.25902900737723
"Ptvf013k","Pt","f",8.68727003765565,9.95714361482314,13.3068605296919,8.27498574157003,9.75771803570879,3.26458037097354,2.57987880397736,3.51049993872342,3.15796847105452,7.3783385962722,4.8680450822324
"Ptvf016k","Pt","f",8.69756455840188,10.7734419887591,12.5563330919546,8.74885007365882,9.8065715498583,2.72622750226691,2.30627698179326,3.25888381204873,3.15445267647307,6.84710432174618,4.75018113333714
"Ptvf018k","Pt","f",8.61254006758193,10.4403605080015,13.0126957472443,9.04241580864929,10.4114897743138,2.9670709141315,2.71008233197285,3.41598805723424,3.26849967086749,7.61143071626521,5.35046618410627
"Ptvf022k","Pt","f",8.15705065567998,9.39484357745574,13.2016426512822,7.63541167492554,10.1415162769537,2.75967011061467,2.2240865959078,3.3610239048343,3.66221515650897,6.58525224096739,5.08389819473009
"Ptvf024k","Pt","f",9.17378230530381,10.3423178691768,13.7605156804038,8.70146479748019,9.90198218429149,3.19058707951513,2.46525037304777,4.40620358881351,3.7470893230784,6.89026088458003,5.03869830045063
"Ptvf026k","Pt","f",8.2292752993834,9.32658911828289,12.1959934601485,8.11450718439401,9.53213910113746,3.06819160475761,2.18292390707135,3.64754005976076,3.22448865140721,6.78443522147036,4.30909648001741
"Ptvf027k","Pt","f",8.66575392527886,10.4562016373063,12.3872377248163,7.49416630899454,10.2654128178252,2.92499416180912,2.29089691053678,3.62215838283572,3.41991858752257,6.12635857666785,4.81325424930883
"Ptvf028k","Pt","f",8.10687508012937,9.66777110499869,12.7763954136379,7.3164819534637,10.6941217212985,3.34783462293843,2.74325085623668,3.21835801944971,3.18659807463526,7.00855120370824,4.90574163521214
"Ptvf029k","Pt","f",7.57965070081925,10.3989435692764,12.2903145340003,8.23691845893579,10.4686456161017,2.98842460169573,2.16892269521933,3.63383687873857,3.44765432301548,6.77182381711537,3.65973479321238
"Ptvm004k","Pt","m",8.85238449449148,9.89224950532448,12.2534465483315,8.44819849770089,9.98518524549053,2.55177312225802,2.50678350246622,3.54610262625785,3.24051189884773,7.43722509988377,5.09547719582582
"Ptvm005k","Pt","m",9.38625149664916,10.1450328740548,12.5652381107035,8.92424845616095,10.1250098877562,3.27288224870491,2.70224191725731,3.21701016597879,3.02116401098617,8.10125283180837,5.44904043888627
"Ptvm007k","Pt","m",8.73701291938081,10.6116128922264,12.9410252071612,7.82637509379679,10.8053685915014,2.73044540530899,2.50044323832691,3.41882018541302,3.29234444055561,7.4540680505287,4.84606811398214
"Ptvm008k","Pt","m",9.6032911806522,10.7554204809009,13.9473398700222,8.25491495499016,10.2128841601717,3.41295174675535,2.18771626887284,3.40392279541983,3.25776109503654,7.60311070396338,4.96039521542556
"Ptvm014k","Pt","m",9.2200731397266,10.4883778411389,12.9670574140855,9.16634497128354,11.0279873587825,2.94963258260554,2.47201261529619,3.37585796525177,3.1737158827512,6.92006486950588,4.63164628858354
"Ptvm019k","Pt","m",9.47143745469584,10.1047895643057,13.4282643306893,7.82615796630018,10.0314255853439,2.49961925948397,2.42311848058282,3.44029707015505,3.23588129994145,6.64604945264057,5.53281699050111
"Ptvm020k","Pt","m",8.55913430740599,10.221484349811,13.1102841230895,8.67218991828228,11.3978943214728,3.14551537090768,3.25191034439903,3.56895478241766,3.43059642121492,7.65646860976935,5.31259876454713
"Ptvm021k","Pt","m",8.9638323516771,10.3411931117109,14.3974797670179,8.71298975352164,10.8771210485798,3.38521553191191,2.65795326099609,3.66551067974192,3.22336935106221,7.12423568704428,4.98194302833445
"Ptvm023k","Pt","m",9.09042784700831,11.3451923134567,13.7822232311782,7.63574129683323,11.3519328611876,2.99698895518466,2.33307779666677,3.37379804592683,3.54497798618322,7.71945868174349,4.57703847994021
"Ptvm025k","Pt","m",9.43018621693199,10.8911500744511,13.374413408046,9.1568118690056,10.9631968673317,3.22807585944128,2.7402208549995,3.33619995871053,3.50156318448217,7.59955427691807,5.51670720219404
